598458824
50616229
331451799
22114518
49887944
38491200
510935040
699647790
385274241
647385495
447167619
873875039
3968498
32340000
786879818
419289495
380101485
508776926
583258440
21801354
171225600
477392844
384238664
788514364
81561600
263597551
133702351
123431624
411216285
112475776
15606073
610817772
21759986
295585273
76204800
132185593
410495916
926287993
58924800
539595806
821686106
762707899
612496737
3135839
900914120
691389721
16527109
648050278
773610845
571393003
918314733
465131520
905448264
954706693
656680778
370476288
251195186
454970880
335082844
97336299
557144285
79405719
819351168
1116093
786060793
270566358
641683734
2892672
574931538
67391405
76283290
802406316
226097664
536462358
372804275
196974294
997361760
994556368
199346120
833555165
189987840
633346560
952972779
39674733
366695211
285352641
220611600
638668800
981529502
554488215
999345600
609171193
567426816
85524284
189412779
332890996
303641864
236079944
906116544
906437958
