10000 1000
6750 5701
8888 794
2936 9774
2091 4714
4152 2659
65 983
62 7023
8074 4867
5947 9574
6268 408
9806 2935
73 2287
5566 3345
2036 5458
9111 4953
4961 451
9032 4632
4093 303
141 6409
7102 7005
7992 2180
3468 4523
6309 132
8177 4731
5981 8464
252 1450
492 9976
3644 2338
5183 4350
2843 1216
7552 2616
1833 5320
5349 1859
9195 2375
2437 1738
8596 8778
1516 3175
5330 8061
7505 1864
7980 2631
8358 9286
7099 260
2209 1362
4454 2626
8857 2273
6258 320
3074 2762
7929 9284
1308 7677
4891 9724
6488 5031
1411 7095
654 515
1372 4326
9195 1635
8051 6125
3054 7535
2350 5006
341 5916
5917 9399
6036 9729
2000 7338
2934 7351
7706 2703
1254 4479
500 5973
3008 200
2005 4622
8372 6257
2545 6956
347 108
6735 1142
1549 4195
7407 304
2002 5407
6459 4506
7671 2055
3950 6055
2276 1910
3395 6000
1035 144
7807 6730
1668 8566
1841 9622
3607 9016
1193 1576
6745 1515
151 8138
4058 4043
1669 2754
8350 3475
6120 9857
3452 5610
2915 6701
3059 2144
3308 737
771 6345
8291 6819
3419 6089
1232 4887
6799 5665
3820 5794
4828 265
6035 1474
2303 5647
3161 2636
8434 8399
9947 7429
1801 547
2167 5957
669 6700
6302 5769
1014 242
2056 7512
2638 1672
2729 9881
7123 2404
4931 899
6157 942
7132 7268
3970 294
2369 2214
6422 8635
3532 3103
2647 809
9138 2488
7304 563
1775 2784
2123 5554
4438 9298
6053 7788
7732 8596
2493 2616
7653 7393
9109 1
2265 5546
3788 8601
1176 200
1602 4512
4083 4517
4654 3061
2653 8636
8589 1660
5210 4606
4892 4257
2166 1879
2744 2620
953 624
2323 1782
4810 4998
5482 5771
8034 3626
6916 6671
9459 7291
5614 3766
3816 449
5221 527
6767 4267
9732 7024
2628 8587
7151 2120
7199 1408
6910 3457
7649 5621
1998 869
6155 5416
6660 2291
7120 7198
8324 4401
2956 7861
7985 1540
8260 2506
3254 7454
9696 7387
5524 3863
599 448
9933 399
121 486
640 3299
3619 7147
3942 4638
5599 1265
9149 9938
5514 9245
642 2711
2634 8271
597 4851
3487 9591
9159 6346
9352 7990
6951 4024
9002 5971
1309 9677
1213 1999
1143 1481
7976 7755
3779 8872
2286 7144
107 9263
6984 1119
9079 776
8085 8562
448 3658
1647 8978
6545 733
2272 819
1811 9532
8261 6541
9785 491
7682 8677
5209 4747
374 6667
8636 4844
3985 9636
743 995
8611 1467
6507 1565
6902 6292
9658 7026
5438 3538
3292 700
5760 5994
3025 1514
4881 1910
903 2705
9200 9070
7518 2786
9319 7636
7146 3154
926 9007
5689 2198
3553 2843
5606 6301
2532 7167
2701 1426
8099 6207
8784 1826
2974 6691
1401 4043
5909 3591
1713 1670
6832 9876
7872 1622
5555 15
3910 9889
272 4736
1929 5647
5517 2326
2256 2768
6423 1642
7472 3507
8951 2753
8372 709
6772 4229
99 7526
6169 6998
9693 2066
8569 7005
8421 222
8672 1522
7797 9394
572 8287
8799 3222
3212 5364
1072 1472
8648 3852
3146 1789
2321 4544
6146 4973
2473 1914
166 852
2102 4845
9363 1294
4867 1123
6439 9427
8808 7175
882 5340
5612 4804
3522 6981
9736 4701
6479 9475
8973 5455
2324 9431
6921 5780
464 6035
6790 9497
9468 6477
2387 8211
1213 546
4807 1037
9852 7485
9411 4821
2276 6888
567 1415
5675 849
424 1450
565 2097
9633 6250
2726 2538
8167 725
8423 3567
6129 8715
6523 9800
1784 8239
1 2037
5468 8611
636 51
4471 675
9826 4221
310 1696
9954 6165
9460 2321
9690 1219
1481 789
1656 781
8628 4780
319 1032
1061 518
7740 3629
1134 8907
6457 9008
2554 8317
6961 7421
1294 3787
1813 1316
9407 5672
6175 4439
8805 1323
1718 8673
607 7304
4305 5081
343 7871
6255 7382
4615 6771
9110 2646
9052 9790
43 5722
1465 2147
1042 7300
4959 3268
9093 7636
1052 8117
2042 6287
3730 832
3248 1154
1722 6011
987 2693
6968 1063
9537 8131
3985 4090
1747 6168
7466 528
4496 4700
4530 8541
8518 6496
2163 3830
2954 9206
6437 7488
2074 5270
52 521
9618 2542
4771 6342
7132 5514
7168 2717
2203 7045
3290 8308
9113 6462
6080 1897
6751 2254
6540 7923
1846 296
1841 3017
8956 306
8145 1458
4217 1284
2433 3964
4898 6047
1088 4177
7757 8384
1222 6791
566 8916
6346 8935
8098 4894
6215 1969
786 8487
8144 1629
4138 4789
9009 3973
1394 6239
2920 4145
3229 2704
547 9267
7433 5898
4475 1844
8534 5246
8882 5615
9674 2329
8362 237
2404 240
4198 8880
3775 6223
757 2980
858 7310
4763 7138
3302 3334
9970 1655
4527 4243
146 132
5998 4586
124 6424
254 220
1517 6043
7774 1355
7009 4620
855 8685
2438 1902
4399 7615
8883 7278
5357 8764
7976 4088
9214 1710
5431 9306
8646 8020
7524 5865
1947 5621
8458 5907
527 2067
3806 3301
2924 3859
4119 7550
165 3821
1118 371
5610 303
7794 6276
572 2999
831 3695
9634 6976
2368 6100
2940 6332
9523 3065
4294 771
5757 270
383 6955
2669 8212
9146 1497
3989 7097
9396 1111
3734 9223
6328 5718
1387 5407
4560 8502
6057 3199
6572 1300
5237 3020
8183 578
6294 2236
9096 1133
3533 1474
439 2923
6643 1663
3665 4180
2306 4391
5502 6196
2630 7923
1440 6317
485 2085
3263 8401
9692 9905
6307 2336
6492 265
4737 7871
6838 8409
1145 3291
227 2389
9199 956
4807 4608
745 77
4454 5935
5017 3819
2391 2605
108 2812
8376 8480
7745 465
1090 6715
1086 1535
4447 1717
848 1659
9626 2218
1201 2084
1206 641
7519 8374
1249 1902
3386 1147
2745 8521
5134 4437
3680 3934
5762 6938
2509 2134
1424 2638
2915 6599
6358 4135
2645 3239
4348 8333
7514 9894
1528 6145
3230 301
1374 8208
4441 2929
3324 3143
6420 7085
2628 7609
6009 8175
9499 6991
7258 8113
66 4735
5606 891
147 865
6023 9911
6495 3390
8366 501
8661 5129
8291 1888
4629 2594
5096 2673
1030 73
8878 4083
9397 304
1131 7191
2223 3988
3930 696
97 6749
2914 993
909 3476
1980 3261
5359 5269
591 3167
2337 2485
9774 5140
7965 1077
7237 8950
8481 1432
8752 115
5223 6897
6877 2909
805 8273
754 5075
7523 544
7442 1135
1371 3049
4844 4033
6902 1515
4212 5389
3796 9916
759 1776
5484 3377
3737 5177
6389 6044
3297 6069
5011 3638
4391 91
855 2909
8428 3962
9008 2623
4027 1151
7463 615
335 2187
2202 2615
4262 4725
8550 7383
4020 9964
874 8317
2475 7600
1434 990
2233 3745
3249 6948
5362 4632
9483 7521
9039 981
5266 2434
6359 3704
2151 6535
6638 6900
1924 930
6316 4336
2543 8638
6495 1552
2945 4898
7411 2532
7335 1606
2208 1391
2313 7893
7557 6955
2538 2756
8836 1740
5968 1298
8669 4290
7140 6657
8864 8258
155 3459
2030 7446
8758 8456
9279 3140
8391 9528
3049 7421
3782 9787
1263 2008
2467 4945
984 3086
7372 4751
2066 1063
2065 2407
2966 1237
102 620
6286 6638
569 7380
3604 5648
1684 2638
3165 544
3493 485
4438 7012
9197 150
2669 5042
790 8447
2803 4648
7305 6201
8833 222
7934 1896
2873 1240
212 9088
5102 561
1956 1738
9319 7828
6242 5239
1407 7724
5187 3460
5473 6111
741 6639
1090 6391
5019 8920
6879 6097
9928 827
4473 2473
7535 7774
7022 5526
8152 8214
6746 6065
2693 5759
5230 4012
4389 6876
8655 1697
9993 1547
5058 3432
2614 8684
3655 1165
8010 1524
1459 7489
8802 7837
8483 9216
2716 5456
7358 6452
7800 6246
8506 104
116 7771
7937 1518
6824 3652
6485 4853
2319 2483
5410 2214
6680 6744
8883 6462
2203 3290
9800 3408
8992 2998
7286 4908
444 4999
9135 6443
2845 1383
132 8844
73 1813
121 500
2978 5464
6168 9873
8924 1411
4824 4064
7378 7833
4990 288
694 6962
1236 5111
4296 335
4234 2147
40 6635
923 755
175 5618
1074 439
1835 8262
540 2245
3786 464
5904 4814
4458 5348
2140 656
6813 4456
7121 2637
6162 8854
2882 5612
18 2127
9608 5518
8713 6931
6298 3012
2646 271
7707 2256
9796 438
7429 2569
3385 3363
8053 8018
3151 1485
3974 6493
6897 140
115 8252
9177 987
695 9064
7432 2751
3383 8822
485 935
3219 1367
5689 3845
5032 8110
7930 764
3401 5655
2951 1593
7440 8743
7123 8887
5791 7215
2742 2206
5740 2788
5425 7260
2877 9684
2080 998
9695 2305
2804 32
1886 7874
9634 4172
6048 5499
870 7376
8850 8521
2396 1915
280 995
6384 9561
830 2990
964 6229
4389 1119
178 6206
2011 4518
8243 525
2377 5433
5472 3014
8579 1886
4615 2877
5147 6670
2832 1979
4711 8246
7599 6577
5253 6928
525 4620
5644 9586
6915 1578
7220 7332
2134 6540
5689 3447
6169 7708
9420 6885
639 1616
2891 2820
3969 1536
6418 319
5919 4757
8001 278
5946 8850
5199 1749
1489 5352
2864 1139
218 5876
1252 4731
9572 8844
2048 7488
7610 2714
1280 1789
8347 1143
2189 1226
8071 6588
8107 7126
7357 4997
743 2897
6323 3031
9887 3273
7413 4916
130 9081
6466 7772
8730 5836
355 3878
5303 9416
5822 9504
9806 4488
986 8147
9921 7722
499 1658
8161 8683
3952 3860
9345 1680
3587 2744
6013 2374
7713 6649
1162 444
9987 9706
528 2383
5772 1507
2982 374
5564 7525
3773 8544
3300 2747
79 2987
6331 9697
1449 1334
5937 985
9687 6105
4098 6028
2735 5299
5229 5758
225 5092
6613 2373
5517 9789
9463 4539
7621 2644
2029 18
7189 9500
691 2471
2736 1605
2153 4682
7005 5103
7592 6813
6498 181
8488 8555
7839 8584
5152 4860
430 1257
912 7494
8425 2684
4652 421
3373 7497
2985 1246
2686 1044
910 7792
204 7151
515 8845
9092 1999
6620 264
5049 748
7820 8718
1572 6909
5028 6746
4362 1700
6187 580
1981 3221
7986 8474
9398 2877
6632 9266
5361 7152
6828 1054
9177 7107
1009 2673
598 3244
311 9361
6692 8551
199 3165
3878 2474
287 6081
1755 315
15 2632
7536 8929
163 5425
934 1256
2674 2085
1701 2712
902 6472
1361 9016
893 5982
1340 6511
6607 9536
5020 8860
2465 5103
3326 5623
8714 9400
1819 1064
5940 1209
6138 4854
837 8179
3767 706
9551 5344
3427 1829
3476 1207
1771 3254
7230 1309
9133 5921
269 3631
8008 9781
7426 8765
6483 6989
3213 8953
2610 737
3474 2128
8532 9725
8177 5512
6992 4899
2742 9099
881 589
5550 7058
8736 5797
5819 4982
4881 7576
3945 1891
8640 5016
9394 3871
8542 8114
4575 3321
2726 1728
1937 2229
2389 4255
3775 839
7482 3107
8160 8269
9641 1529
4939 4930
1126 2686
8429 4352
7489 4030
939 903
445 6639
4185 6699
1621 9759
5946 6802
1313 2027
1080 9375
6773 2835
7111 520
3723 9130
3221 7727
6675 3634
7348 8671
1127 8327
5564 564
7252 7050
5835 5728
8566 4017
6350 1788
5843 9133
52 7260
6362 1388
4928 2454
5981 7376
7248 7252
6445 672
2381 8904
8646 5102
3602 6768
1467 4425
1999 3018
4162 7619
2176 537
7619 2118
9178 1928
4413 962
3046 1038
8106 1770
6242 4147
8468 5168
5603 6675
2456 9966
527 4257
6378 8887
4107 2349
3721 3820
1248 9369
2372 3171
323 9672
1069 5974
7461 2008
5773 5352
3432 3585
8392 8589
3748 9854
4082 3786
1480 6300
4642 378
6821 7265
3159 3315
2695 5951
1705 3881
5557 3833
8497 353
8524 3813
1226 8984
