10000 1000
6718 6521
4086 9537
863 3274
3735 1218
2876 1371
1545 543
8050 5400
5528 5326
9911 1930
7960 4537
3955 1966
997 445
608 3830
5558 4541
7486 478
7720 5692
794 9585
632 779
2351 669
6848 5039
6285 6693
5238 1126
4473 8262
1649 9356
8614 2140
4910 9049
6035 4069
1618 238
8468 1462
241 9472
7237 2557
3678 7923
2380 1447
1091 4906
9615 210
6179 1166
7750 4614
2527 3982
3218 7376
9990 3350
1566 2879
5520 2995
885 354
5597 8853
8084 6385
9385 8166
2546 5276
5779 9050
7437 1969
5759 5383
3222 82
5368 2408
5344 4645
1370 5116
5524 5518
5951 3140
8841 3194
6376 3117
3075 3613
7214 2267
6953 911
5321 759
2267 6867
3681 1690
1844 9384
7507 1162
3436 7683
3175 676
450 828
4000 6027
4024 4680
4515 3663
8286 2199
28 1650
1332 3087
6941 6631
7578 1881
7415 5644
8347 7546
7694 8634
953 3684
4105 522
218 6862
712 826
9460 1106
1385 4769
3813 3302
8555 4495
1062 7373
3300 1848
1312 2766
2065 9970
1312 7269
8237 5005
727 3977
6020 9011
8965 4302
3127 1696
7687 3451
4210 2356
382 2415
5996 2118
1379 6272
3296 8155
1640 3492
8986 5224
8368 2019
2227 4948
4513 9581
4625 6513
745 2040
905 7661
7855 9660
886 5011
6892 6963
7790 1096
9001 1131
6275 8179
1210 462
1847 3500
2268 932
1380 2617
6475 6039
3259 9940
2391 9687
4924 7169
2200 6831
3557 1295
5679 9320
6894 6284
5807 8892
2388 6894
1644 8158
2164 1312
883 1960
6907 2329
1274 8437
6284 355
377 5392
5041 6891
7930 6829
7909 6692
3052 2662
6466 1265
3806 5673
7703 9587
2106 7184
2364 7631
720 10000
5112 8132
3205 7767
1827 1083
299 9279
2696 3024
675 2632
2573 3456
7424 2005
2166 1363
8190 294
2774 9100
8611 3942
3064 2783
7620 1766
8894 9667
9180 457
2535 6280
680 2401
2310 3610
1526 7866
6657 8998
432 9526
4279 6396
483 2889
2245 2950
9429 6933
3515 8200
5318 2185
9770 7529
3878 6245
6577 5697
520 2
3353 2723
7205 4063
6413 5629
4916 8671
174 445
9640 9825
2630 2646
7258 1680
1435 9780
8281 7309
6535 6604
9696 8521
7813 3736
9335 6215
9598 4130
1548 865
5222 1614
3603 2938
7312 268
2043 8996
6761 7790
2452 5427
3523 3783
1214 3410
8992 8437
7651 1524
3107 5297
8056 2206
1457 2341
6607 3715
4493 2477
2385 3647
69 9200
5930 121
8839 5296
2261 1746
8664 9713
2715 1283
2438 8791
9126 1479
3980 6531
5674 9972
1318 7135
22 9792
8166 2535
775 1
8454 8427
6462 1781
3023 7218
8867 4227
1642 1425
9930 2658
4100 8685
3973 4953
7207 5757
5546 2119
5895 2691
1878 3956
2682 6845
8530 3431
5212 7303
1078 5545
5489 8771
2219 1529
3484 1196
4021 7554
4256 8470
1024 298
5557 970
3930 4285
9086 8482
3874 1626
1272 6576
2720 3995
9989 9331
7061 875
298 3420
916 7267
5798 478
2481 1989
9588 7685
1000 8845
338 888
4833 6068
7027 5554
4451 3575
3378 9869
2519 4664
7080 1632
7119 5363
4992 9674
2406 7172
5401 3151
3385 1303
860 3460
9543 5087
5439 8725
2501 1595
1432 3311
2885 4199
8470 3514
9863 8031
1580 2999
8736 3193
7327 4027
8155 4243
9027 9290
1902 5738
1233 2552
4046 3005
8348 1196
4549 3889
9412 5686
6451 214
5898 7778
5554 7290
8581 8653
8655 381
2004 2823
7558 7541
4757 9258
3069 6035
246 2538
6195 2821
10 8702
9850 6941
2750 7342
1956 3218
8620 2653
7706 3861
2752 8201
9298 5239
7561 5793
6241 9801
5314 4470
4559 8100
850 1076
1563 891
5761 5651
9247 269
7148 6938
1910 4127
9210 8499
6762 9034
8911 277
5282 8144
593 3133
44 3541
7114 3550
504 9148
5598 7708
6934 3631
5821 1491
4735 2643
6731 5037
5562 7227
7870 9155
9336 4796
9687 7603
1746 7361
7637 7460
660 5119
4214 4070
873 524
7680 1565
713 492
6527 1408
1344 188
8624 1836
8913 8803
2205 1743
187 8437
5065 9970
4330 5626
2335 7766
1297 9822
5350 6898
3943 8827
6920 1611
9872 2884
2899 502
3070 3426
4127 2922
6071 9429
2481 634
9048 7171
9119 1457
7018 7013
4197 3326
9860 5282
6584 9506
2049 8107
2409 9544
468 6986
972 3765
137 4613
8986 2048
6238 5687
5076 8707
7170 8608
9353 8498
2556 3691
1225 1740
2191 6129
1162 1424
4748 1645
8059 7986
9481 5040
2376 7374
2497 9301
2685 8715
1916 5303
9822 3380
273 4225
5639 7091
4009 7815
1631 4303
1013 9060
2931 5864
3459 9027
3360 1952
3052 3505
1968 236
6850 5203
313 6155
920 4692
1794 3750
7698 146
3559 1001
4928 3514
2735 9345
9268 9968
7053 7943
8460 4884
3764 6204
6348 4545
2462 1925
5756 9944
5870 6232
3490 9853
21 7143
4625 5760
2082 6334
3282 1630
2621 6904
6882 3401
7334 8614
3404 8053
1017 7570
7560 3060
5605 9777
6933 2661
574 1079
2466 5417
5215 5056
2051 9238
4035 5388
1122 2623
6294 1338
549 611
9864 4104
2511 4021
6594 8218
8489 6189
428 2361
6209 861
5454 6542
7363 2342
2374 1247
792 1899
3337 1497
189 278
9165 2496
389 779
8454 8274
6385 778
5183 2178
2351 9192
7260 580
8833 3024
6462 8052
6464 3077
5431 5564
7568 6460
7439 1445
6965 7816
389 1150
4407 7190
5417 27
6562 6010
6010 8527
9296 1417
4444 654
6635 6409
8428 1068
2062 5574
6263 5866
4540 950
8 6082
3555 719
688 17
2450 8039
9947 3620
8985 4252
7073 1638
6239 5014
5994 3657
26 1882
5013 3923
6986 7920
9850 9691
7415 6455
1247 8052
9117 2167
7080 9209
4645 887
1939 6329
7334 6656
2403 9318
7051 6882
7146 936
4646 9238
3325 2631
933 4355
2995 9097
7493 2421
8094 5561
3605 8347
3261 649
3036 863
5825 6233
7933 5564
814 8008
4169 9739
3268 1594
3974 7790
159 858
9471 1041
5276 3522
2155 6622
3230 1546
9171 592
3151 3501
958 6762
1194 722
8832 8696
8841 3081
1059 1718
2906 6468
5203 4272
1480 8440
6737 8058
3831 2596
8096 7537
4239 7346
1604 9297
4829 427
9964 4025
4599 7440
349 44
5438 822
433 5465
1081 322
3279 845
2543 1381
1309 4759
2789 2489
100 6061
5689 1133
9299 2285
494 9758
8806 5830
2874 4231
4744 6296
7132 8713
7655 4905
2353 2830
6999 2954
5384 3163
8858 1113
8325 677
8590 6616
836 9317
9367 1310
927 1406
1551 5293
3905 8286
5531 5268
8411 8628
2544 2965
566 8833
7606 8121
1499 4114
6315 4931
4176 9757
2603 2451
2052 1609
4543 7244
8845 835
3155 7847
4543 5982
3021 8553
2223 635
5162 6723
2297 5850
2091 6041
9839 5648
1009 9301
7779 3065
1396 8844
7767 4591
8170 3153
7027 6923
9126 489
3463 6364
8927 847
7506 4614
3268 505
1090 6381
6092 4907
3052 4690
4578 1210
2238 5485
8144 3651
995 9100
6651 4125
1591 5098
4224 4348
3595 7619
6462 2184
8156 935
6388 8318
9519 3614
4316 6037
192 8043
24 7364
9003 6660
7051 6145
2938 1008
6444 6445
753 5426
6183 6654
662 581
5508 9997
9764 1257
364 4610
4274 381
1321 2796
1792 3085
5117 2021
5410 7246
7510 7238
1680 7063
1792 503
2236 2291
2812 8553
7093 740
3792 8759
652 522
2846 9658
3350 3652
3274 9261
8290 1782
2822 721
1499 5851
8784 1778
9439 5789
4110 4969
6881 4996
777 7618
12 2347
3000 6449
9865 3065
1902 4753
9587 6270
9303 2957
5369 4412
8399 1315
1796 3017
3299 1365
89 4066
5356 610
5633 4577
5929 4901
6375 5042
1836 44
9570 531
6073 3899
9348 5914
938 8162
609 9355
9558 5117
1108 5866
7571 7930
8735 3214
2937 5760
514 5367
4569 4734
9694 226
686 3138
3434 8346
803 9548
5493 6368
6102 8577
2861 1054
2715 8964
9216 409
6067 4194
1825 2438
6782 1020
941 5070
7999 4379
3390 1189
3088 5119
9679 1223
8342 6920
66 4307
4901 4345
1327 6797
8775 7146
925 4047
5977 813
1558 239
1831 1075
278 1271
25 7872
9828 4225
2526 9452
4676 1217
7272 1947
8764 7928
7704 3552
2550 582
3819 7405
198 624
4788 2942
1100 4242
6397 4887
3372 9830
8697 2250
732 3302
7148 6062
7469 958
2172 1580
766 8934
2105 6316
8013 878
5356 5936
7599 1387
8636 2607
2051 2369
918 6597
6914 2017
9342 6040
2745 9270
753 7038
650 3258
3229 4078
8288 7422
2067 6964
9554 8842
7804 6841
3610 5249
1194 7041
8966 6425
128 8583
3022 7353
4485 1575
5095 468
4340 8346
1191 6054
6471 7591
4538 8588
7510 2391
9061 5945
8955 6330
7673 3701
8744 5817
1322 3624
3963 972
9137 9193
6000 2109
1598 6608
3351 9708
4946 2018
3384 2324
7036 5086
3796 6125
2866 8835
6158 7923
1683 6261
122 4312
3259 64
8997 1990
2038 3228
1878 3592
9336 6978
882 3017
317 8573
1462 7356
6204 4580
9857 7709
6497 8679
2287 3224
379 3496
2270 9578
1475 9981
7866 68
3183 2739
4028 8855
70 5925
7539 1900
6757 2557
1873 9283
3441 3561
537 2015
109 5394
4071 6223
8142 1017
6513 2304
2253 1395
5868 2706
2270 3351
8867 6664
5823 325
4531 820
3778 3754
5786 8498
8398 2497
1922 8099
6515 6524
8376 1245
6637 1651
1570 6033
8427 6459
2657 6846
704 6843
6675 6340
6858 5564
2043 8923
8289 6911
2597 9813
2178 627
308 3281
8924 1623
9215 8641
5739 9820
6092 974
2804 2639
6523 8987
8928 1238
1911 5928
3916 7945
8568 4264
7615 4915
2396 2805
894 5912
4471 5906
9405 633
8105 1744
39 1318
8863 6533
9664 5988
9804 4427
3289 4831
2793 1685
804 1762
6011 6999
7112 3828
5125 9478
9271 2645
5469 7102
6526 3465
4403 3923
6413 4196
1183 4985
9415 5687
2906 6616
1964 6666
4481 7658
5349 9563
3941 7175
5872 6309
2774 9268
5949 4645
6849 5895
4440 3561
2887 670
8505 2266
5264 7904
344 219
7632 1395
1764 930
7545 176
1429 6439
5633 7861
3904 890
4918 7721
5532 570
6095 8613
7587 8803
8404 4945
8091 3720
6817 5197
1654 6034
9623 8337
2391 3943
1619 3270
9461 3198
1443 487
4740 6226
9318 6754
914 6661
5908 2036
1840 7639
2110 2676
6226 5735
4151 8974
3081 5513
4435 739
9534 3977
6974 9390
7169 3551
2321 7434
4692 5204
1888 35
8161 5428
7671 7195
7075 2979
8487 5278
3668 5253
8572 231
3730 1433
5377 2308
1847 1509
7301 184
7209 1864
3743 2752
1648 9100
4992 3544
5607 7915
1401 9454
5844 7012
7837 9334
9051 2509
3928 7360
543 8555
1008 120
4538 144
3066 1261
256 3380
1984 6484
1247 951
3282 3789
9610 8054
8202 5158
9095 8860
9429 2430
1524 9659
5807 8925
545 635
7662 4643
7114 4562
2722 6782
3524 8836
9595 288
8218 5741
5595 5423
4184 1821
5869 7086
1032 9748
1063 4829
3547 8286
4044 797
2363 1152
885 7319
5694 4836
4817 7165
381 465
8634 7489
7062 9343
7035 4132
6303 617
1326 8386
60 7779
4250 3676
5474 6462
462 1781
8861 5770
4087 5602
2335 6684
4616 8700
8442 9776
7450 6952
6928 8097
1441 9576
3033 3446
7154 8451
197 9135
5682 2355
1650 5921
9793 3806
7616 9581
7671 9767
5363 3608
1485 5413
3305 4391
2927 4548
397 2217
4544 5242
9531 3929
1614 8749
821 9492
8648 884
709 9832
2942 7147
467 4366
3560 9707
1722 3433
