10
1 0 1
1 1 1
12 8 3
7 8 1
8 11 1
3 5 1
4 2 1
5 9 1
2 7 1
1 3 1
9 6 1
1 3 5 3 6
1 3 7 11 4
1 1 12
15 13 3
10 3 1
1 5 1
9 3 1
1 2 1
12 3 1
3 15 1
1 11 1
1 4 1
1 13 1
1 8 1
14 3 1
7 3 1
6 3 1
1 6 5 6 12 7 8 2
1 12 10 7 6 9 11 4 14 13 8 5 2 12
1 6 13 4 9 10 14 11
4 4 3
1 3 1
2 4 1
2 4 1
1 3 1
1 2 3 2
1 2 2 3
1 2 3 2
8 6 4
1 8 1000000000
6 4 1
1 5 1
1 6 1
3 8 1
5 3 1
1000000000 2 1 4
1 2 8 7
1 3 2 7 5
1 2 8 4
80 105 15
70 74 999999937
77 15 999999937
35 63 1000000000
49 56 1000000000
6 70 1000000000
39 43 999999937
75 62 999999937
67 75 1000000000
76 32 999999937
43 17 1000000000
38 77 1000000000
37 29 1000000000
19 5 1000000000
27 21 999999937
18 14 1000000000
72 61 999999937
40 8 1000000000
18 14 1000000000
43 17 1000000000
47 69 1000000000
53 51 999999937
11 23 1000000000
4 3 999999937
42 44 999999937
15 31 1000000000
75 62 999999937
48 28 1000000000
36 57 1000000000
32 27 1000000000
38 77 1000000000
5 18 999999937
14 11 999999937
54 79 999999937
29 25 999999937
53 51 999999937
50 34 1000000000
7 52 1000000000
8 41 999999937
8 41 999999937
69 48 999999937
26 73 999999937
30 6 999999937
34 2 999999937
74 9 1000000000
65 30 1000000000
1 64 1000000000
50 34 1000000000
31 66 999999937
44 20 1000000000
58 71 1000000000
62 60 1000000000
57 68 999999937
73 80 1000000000
9 45 999999937
70 74 999999937
28 49 999999937
33 38 999999937
51 72 1000000000
23 13 999999937
37 29 1000000000
57 68 999999937
10 78 999999937
64 58 999999937
17 47 999999937
16 76 1000000000
25 53 1000000000
13 55 1000000000
26 73 999999937
61 24 1000000000
76 32 999999937
60 35 999999937
22 19 999999937
59 46 999999937
78 22 1000000000
45 42 1000000000
35 63 1000000000
24 67 999999937
4 3 999999937
58 71 1000000000
41 33 1000000000
49 56 1000000000
61 24 1000000000
12 65 999999937
56 36 999999937
22 19 999999937
20 7 999999937
63 16 999999937
52 37 999999937
68 59 1000000000
65 30 1000000000
46 10 1000000000
21 54 1000000000
46 10 1000000000
20 7 999999937
23 13 999999937
31 66 999999937
3 12 1000000000
21 54 1000000000
2 4 1000000000
55 50 999999937
66 39 1000000000
71 40 999999937
69 48 999999937
79 26 1000000000
45 42 1000000000
1000000000 2 7 52
999999937 2 77 15
999999937 2 51 53
1000000000 2 23 11
1000000000 2 75 67
999999937 2 22 19
999999937 2 45 9
1000000000 2 8 40
1000000000 2 21 54
1000000000 2 59 68
1000000000 2 30 65
999999937 2 63 16
1000000000 2 17 43
999999937 2 2 34
999999937 2 28 49
74 23 11
5 74 1
1 70 1
16 39 1
1 8 1
11 58 1
1 72 1
67 74 1
18 74 1
41 74 1
1 54 1
29 74 1
26 16 1
34 11 1
39 38 1
19 74 1
1 68 1
58 53 1
53 19 1
38 3 1
70 52 1
52 26 1
1 28 1
3 34 1
1 12 3 31 6 21 32 66 17 13 43 25 7 38
1 12 10 46 25 7 27 32 31 65 66 34 2 3
1 12 11 57 24 58 12 33 47 30 42 40 44 15
1 12 36 64 9 22 52 50 45 63 4 23 35 26
1 12 73 61 51 71 55 48 62 39 20 16 69 60
1 12 39 13 60 55 71 21 51 17 48 6 38 43
1 12 16 61 73 45 4 23 64 62 20 22 26 69
1 12 28 52 9 68 54 63 36 50 8 35 72 70
1 12 14 18 67 49 53 29 19 56 37 5 41 59
1 12 46 40 12 42 30 10 11 65 34 2 24 27
1 12 33 56 44 53 58 15 14 57 59 49 37 47
59 102 0
50 2 1
24 50 1
12 25 1
3 49 1
54 44 1
32 11 1
5 28 1
33 32 1
15 48 1
51 32 1
47 13 1
52 35 1
30 33 1
20 47 1
28 30 1
7 41 1
19 25 1
14 36 1
40 4 1
25 7 1
27 13 1
49 5 1
36 2 1
23 19 1
58 34 1
48 3 1
52 35 1
2 16 1
43 11 1
35 21 1
29 54 1
22 14 1
34 31 1
56 8 1
16 20 1
18 9 1
40 17 1
12 57 1
23 19 1
35 21 1
55 22 1
15 29 1
45 37 1
2 16 1
42 24 1
3 49 1
13 52 1
11 59 1
33 32 1
10 16 1
17 26 1
27 39 1
16 20 1
37 12 1
21 23 1
17 26 1
7 41 1
19 25 1
44 58 1
1 55 1
5 28 1
9 45 1
53 27 1
57 38 1
56 59 1
1 6 1
32 11 1
48 3 1
41 17 1
51 43 1
39 18 1
9 21 1
38 40 1
1 6 1
37 19 1
14 50 1
10 46 1
13 52 1
26 48 1
30 33 1
41 17 1
55 42 1
6 42 1
50 2 1
31 51 1
1 6 1
11 59 1
43 56 1
4 15 1
47 13 1
39 52 1
24 50 1
26 48 1
21 23 1
46 53 1
20 47 1
28 30 1
6 42 1
25 7 1
42 24 1
36 10 1
49 5 1
60 103 0
21 3 1
32 17 1
10 13 1
55 52 1
6 34 1
47 37 1
1 14 1
48 19 1
34 35 1
1 58 1
30 19 1
51 50 1
49 41 1
58 11 1
12 25 1
17 50 1
4 33 1
33 51 1
24 29 1
39 55 1
33 17 1
26 42 1
40 21 1
59 5 1
41 40 1
46 20 1
36 31 1
36 38 1
58 11 1
11 32 1
43 27 1
42 22 1
53 56 1
3 59 1
7 30 1
50 45 1
22 10 1
22 10 1
53 45 1
47 37 1
57 39 1
42 22 1
49 41 1
57 13 1
14 4 1
56 7 1
19 38 1
5 15 1
51 53 1
16 8 1
29 3 1
32 17 1
23 10 1
52 24 1
20 34 1
38 26 1
31 43 1
54 9 1
26 42 1
50 45 1
48 19 1
18 47 1
30 36 1
15 18 1
37 20 1
11 32 1
1 58 1
41 40 1
23 57 1
59 5 1
34 35 1
3 59 1
38 26 1
15 18 1
45 44 1
46 6 1
21 3 1
5 15 1
8 2 1
18 47 1
17 50 1
44 48 1
29 12 1
13 49 1
37 20 1
1 58 1
25 28 1
2 46 1
20 34 1
52 40 1
43 42 1
40 21 1
6 54 1
27 23 1
35 60 1
14 11 1
10 13 1
19 38 1
54 35 1
13 49 1
44 48 1
28 16 1
45 44 1
3687 3636 3
663 2908 1
2588 256 999999937
1068 2908 1
1 3539 1
1426 2908 1
1 243 1
1 1303 1
1 3092 1
2813 2908 1
1 3510 1
3396 656 1000000000
3253 2908 1
3250 3651 1000000000
1842 2908 1
656 784 999999937
934 2908 1
1 3631 1
2485 2908 1
2598 2908 1
2867 2908 1
1778 2908 1
1 3584 1
513 2605 999999937
2829 2908 1
1 1179 1
2744 2053 1000000000
1 1111 1
3308 1814 1000000000
1185 1785 1000000000
2900 2908 1
1719 2908 1
538 2908 1
3357 2908 1
545 2908 1
1021 1467 1000000000
1 2610 1
1133 1729 999999937
2293 2908 1
1 3509 1
3326 2908 1
1 3434 1
2797 2594 1000000000
631 2908 1
1708 3132 999999937
1797 2908 1
3160 2908 1
1 61 1
1 584 1
2731 1061 999999937
2607 2908 1
1 3461 1
3275 2908 1
1 1776 1
1552 2908 1
3270 2613 1000000000
1445 2908 1
2367 2908 1
305 1512 999999937
2138 2046 999999937
1201 2621 999999937
1795 2908 1
1 1976 1
1 1131 1
1332 2908 1
484 2908 1
1223 3671 999999937
1 3359 1
124 3567 1000000000
1710 2908 1
884 1515 999999937
2436 2908 1
1 2993 1
2304 2908 1
3382 2908 1
1417 2908 1
32 557 999999937
1 2070 1
3348 1112 1000000000
1958 2908 1
2659 2908 1
3272 2908 1
1 990 1
777 2908 1
3022 1199 999999937
863 2908 1
1 562 1
1 1718 1
1 1547 1
2455 2565 1000000000
405 2908 1
1733 1739 1000000000
1 80 1
1 3219 1
231 2908 1
1 876 1
1115 1522 1000000000
1359 1386 1000000000
1 3589 1
2807 2908 1
2535 2908 1
1843 1862 1000000000
3590 2908 1
1 2434 1
1 1205 1
2902 2908 1
2602 2908 1
1 581 1
1 307 1
106 332 1000000000
1 401 1
2046 474 1000000000
3048 2908 1
1 392 1
1672 3647 1000000000
1 314 1
1661 871 1000000000
443 2908 1
1 2024 1
3052 2908 1
1 198 1
449 2908 1
140 2908 1
1 288 1
1074 2908 1
1 3131 1
2798 2908 1
1 2896 1
1 2500 1
1 429 1
3448 2908 1
1196 2981 1000000000
2036 2908 1
2251 2908 1
1202 2908 1
1780 2908 1
1 1673 1
2419 1318 999999937
1 1838 1
938 2908 1
1 456 1
309 2908 1
1 280 1
1529 2733 1000000000
1 1518 1
1 2918 1
1060 2908 1
1 809 1
2855 2908 1
2839 2908 1
2991 764 999999937
3351 2908 1
2349 2573 999999937
1 1106 1
1 1421 1
1 89 1
1 382 1
1 360 1
3059 600 999999937
1 3419 1
1075 3592 1000000000
1 2574 1
752 2908 1
269 670 1000000000
144 421 1000000000
2809 2908 1
3281 3114 1000000000
2448 2908 1
3278 2908 1
1 2194 1
1 178 1
1985 2908 1
44 742 999999937
2858 2908 1
940 2908 1
1 1738 1
2083 2908 1
1 322 1
1 3231 1
3430 1210 999999937
1 2242 1
1 2246 1
2188 2908 1
1 2642 1
1942 1392 1000000000
1261 1287 999999937
1 2097 1
798 2908 1
3101 2908 1
3136 2908 1
495 2908 1
117 270 999999937
3012 2908 1
385 2908 1
1 1360 1
1 1751 1
1 2100 1
88 2908 1
1837 2908 1
1 2699 1
1 1222 1
1543 2908 1
1 3162 1
1 2665 1
99 2908 1
1910 2908 1
598 2908 1
115 2988 999999937
2120 2908 1
2835 2908 1
1 2625 1
1008 2908 1
1676 3423 1000000000
1472 2908 1
764 549 1000000000
2235 1611 999999937
1562 2646 999999937
1 3556 1
156 2908 1
1 2131 1
3651 452 999999937
330 2908 1
3198 2908 1
2924 690 1000000000
1 2670 1
2755 2908 1
1925 2908 1
1 3543 1
325 448 1000000000
3372 1189 999999937
1 414 1
1 985 1
1318 1747 1000000000
1 1108 1
905 2908 1
2177 1187 1000000000
1 225 1
1 2997 1
1 3227 1
1 2390 1
1 103 1
621 2908 1
1023 2908 1
3333 2980 1000000000
1224 2908 1
415 2908 1
2624 851 999999937
1 2003 1
3453 2908 1
1727 502 1000000000
1180 3369 1000000000
556 2908 1
3076 212 999999937
2629 1468 999999937
1697 2908 1
2314 2908 1
2430 2908 1
1802 2908 1
2980 1942 999999937
1 2932 1
2786 2908 1
3081 1299 999999937
3535 2908 1
1 1806 1
1 3152 1
249 2908 1
2653 2908 1
743 2908 1
60 2908 1
803 2012 1000000000
2443 2908 1
206 2908 1
1 1662 1
1 2746 1
1726 1955 1000000000
1527 2908 1
2875 2908 1
1 1940 1
536 66 1000000000
1 1456 1
1 364 1
1 51 1
219 2908 1
1 3331 1
3482 1277 999999937
1 962 1
826 698 1000000000
1 2212 1
1901 2647 1000000000
1 843 1
1 2658 1
1 797 1
1 2863 1
721 2908 1
2532 1556 1000000000
1 2187 1
215 2908 1
274 2908 1
185 2908 1
2479 2908 1
1 2627 1
104 2103 1000000000
1 2591 1
2301 2908 1
1536 2908 1
386 3033 1000000000
647 2426 1000000000
1 964 1
2583 2908 1
3164 753 1000000000
1 2391 1
1 818 1
1957 2991 1000000000
2397 2908 1
1 27 1
1 308 1
1829 2045 1000000000
1 1881 1
1 127 1
1 2431 1
1656 1164 999999937
1799 2908 1
1033 1413 999999937
1 2611 1
1535 2908 1
1 732 1
1 2244 1
831 2908 1
2307 2908 1
1 2552 1
3133 512 1000000000
1 1439 1
1 3260 1
158 2908 1
1 673 1
1 2074 1
301 2908 1
2067 1690 1000000000
2403 3464 999999937
3147 926 1000000000
1 2392 1
3289 2908 1
3457 2908 1
28 2908 1
3340 2908 1
2276 2908 1
2772 2908 1
1 2550 1
3635 2418 1000000000
3459 755 1000000000
3388 1686 999999937
257 2908 1
1 3213 1
2696 2908 1
1 2465 1
1474 2853 999999937
2861 2908 1
1740 2908 1
1839 2908 1
1278 2908 1
1 3570 1
2784 2908 1
2648 2908 1
2566 2908 1
1582 2908 1
2092 2908 1
1 1671 1
3381 2908 1
1 3178 1
1397 2908 1
1 1286 1
2062 1194 999999937
3137 3121 1000000000
1 2096 1
3249 2677 1000000000
1446 2908 1
1 1680 1
3578 3034 1000000000
2275 1302 999999937
1 559 1
1 2563 1
1 16 1
3303 2986 999999937
1621 2908 1
1 3683 1
1815 2908 1
2382 2908 1
1036 2908 1
436 2908 1
1609 2908 1
1 1642 1
2000 1650 999999937
3208 826 999999937
1 1489 1
1 1991 1
2128 2908 1
1 1053 1
676 2908 1
1750 2908 1
3119 2908 1
1 731 1
1 3105 1
2174 2908 1
1 563 1
1 3379 1
3286 1603 1000000000
2942 2908 1
2238 2908 1
212 3059 1000000000
1 595 1
3058 2908 1
261 2908 1
1 1682 1
160 2908 1
1109 2908 1
1 1140 1
3207 3229 999999937
572 2908 1
1 2030 1
1 3170 1
1259 507 1000000000
43 2908 1
1 2958 1
431 2908 1
1 2561 1
1525 2908 1
1 3183 1
1810 2908 1
1 1660 1
337 2908 1
2253 2116 999999937
1187 2278 999999937
1171 2908 1
191 3330 1000000000
1 1731 1
2184 2908 1
1391 2908 1
435 2908 1
1 1645 1
506 2908 1
2603 2908 1
1866 2908 1
3017 2908 1
1351 3135 1000000000
1 848 1
949 2908 1
1 1928 1
1323 2908 1
1 3497 1
1 709 1
1 3091 1
1418 2908 1
822 3129 1000000000
521 2908 1
33 2908 1
1 1947 1
1 3468 1
83 3236 999999937
1646 2908 1
1808 3524 999999937
1744 2908 1
1452 1513 999999937
493 1895 1000000000
2524 2462 999999937
2946 2908 1
3346 2908 1
1 3483 1
1 1447 1
352 2908 1
2425 2908 1
3171 2908 1
9 2908 1
2569 680 999999937
1509 2908 1
347 2908 1
880 2908 1
1 2673 1
1 21 1
1422 134 999999937
1 571 1
2962 2908 1
3626 2908 1
3545 2908 1
3679 3484 999999937
1 3318 1
1 1970 1
1 1762 1
1 2985 1
358 2908 1
1 842 1
1 2374 1
1016 2908 1
1 2248 1
2931 2908 1
3067 2908 1
1 1169 1
2071 570 1000000000
1 203 1
2750 1473 999999937
1648 2908 1
3075 2908 1
1299 929 1000000000
1 471 1
3307 2908 1
463 1557 1000000000
1305 2069 999999937
1 1953 1
3407 2908 1
1 2014 1
1 1703 1
1336 2908 1
155 2908 1
2008 2908 1
1 2269 1
1276 2908 1
3552 2908 1
1 2720 1
1 3304 1
1136 2908 1
1 1429 1
2143 2398 1000000000
756 1529 999999937
3156 2908 1
1 3463 1
2676 1692 999999937
375 3495 999999937
1386 3223 999999937
3447 524 999999937
1 2909 1
2771 2908 1
1 780 1
645 2908 1
1522 3597 999999937
1382 2908 1
216 2908 1
1 2878 1
1 1548 1
723 3672 999999937
1 529 1
3609 2568 1000000000
1 213 1
1550 2908 1
2989 1798 1000000000
1 2011 1
320 2908 1
1334 2908 1
3242 2908 1
1698 3557 999999937
452 1792 1000000000
1034 2908 1
2317 268 999999937
829 2908 1
1595 2908 1
1602 2908 1
1 2567 1
612 2908 1
163 2908 1
570 2806 999999937
1 1416 1
2283 3481 1000000000
1 2288 1
1607 2308 999999937
2118 85 1000000000
695 2908 1
3226 2908 1
1 1044 1
524 2451 1000000000
2318 2908 1
1 1483 1
1 1628 1
1 2415 1
1 3177 1
1 1166 1
1 1500 1
1139 1919 999999937
1623 2908 1
1 573 1
1 587 1
1773 2828 999999937
1 477 1
1 1510 1
1 3375 1
1 2243 1
1 2564 1
2077 2908 1
1 119 1
3220 1049 1000000000
1 3553 1
1 3517 1
1079 822 999999937
1 3391 1
66 3176 999999937
1873 2386 999999937
1 3606 1
1 3602 1
698 679 999999937
2189 3291 999999937
608 1766 1000000000
2422 2908 1
634 2770 999999937
1 1774 1
1 3050 1
1 1832 1
1408 1864 1000000000
3392 1544 999999937
1 937 1
3114 3348 999999937
1 1358 1
384 2908 1
1120 2908 1
1570 2908 1
2126 2908 1
1 2222 1
1 184 1
3155 2908 1
1256 130 1000000000
3597 574 1000000000
3441 2908 1
48 2908 1
3576 2908 1
944 1359 999999937
907 2908 1
1 3141 1
1 3234 1
15 2908 1
1 1871 1
1 2879 1
921 2857 1000000000
1 620 1
1848 2908 1
1 461 1
2265 2908 1
1 1320 1
2810 2908 1
1 840 1
690 2797 999999937
416 2908 1
683 2908 1
1129 3372 1000000000
1345 2908 1
3405 2908 1
2460 2908 1
2615 1045 999999937
1041 2908 1
1 1395 1
1 1154 1
2860 2908 1
412 1265 999999937
1 3008 1
3678 2908 1
256 3303 1000000000
168 2908 1
3648 2908 1
2592 2908 1
3524 2385 1000000000
1 2957 1
1230 2908 1
1162 2908 1
3613 1261 1000000000
1396 2478 1000000000
2576 2971 999999937
2178 2908 1
2165 2908 1
2203 1098 1000000000
1 1020 1
1765 2908 1
218 2908 1
1 3069 1
1026 1018 1000000000
3182 2908 1
2261 3327 1000000000
2166 2908 1
1 2593 1
2216 2908 1
766 2908 1
1841 3081 1000000000
1 2910 1
3167 2908 1
2544 2908 1
1296 2908 1
1 3367 1
1 1046 1
1 2735 1
1 254 1
1 710 1
1 1517 1
1 378 1
1 1972 1
3563 1635 999999937
1 1326 1
2213 1115 999999937
2504 2908 1
1 1143 1
3397 2908 1
2834 2908 1
1 1546 1
1 2445 1
1 2622 1
542 3312 999999937
1 479 1
2082 2908 1
1061 3267 1000000000
3615 2908 1
1 1800 1
1 267 1
3021 1715 1000000000
281 2908 1
1 2034 1
1791 2908 1
3414 2908 1
1 1669 1
2654 1234 1000000000
1912 1366 1000000000
668 1869 999999937
1 3377 1
1 3560 1
1 1028 1
786 2908 1
3194 2908 1
1 677 1
2619 2908 1
1 609 1
1 3107 1
1 1465 1
1 2757 1
236 2908 1
1 770 1
1845 2908 1
2098 504 999999937
1 1916 1
1 953 1
1403 2908 1
3677 2908 1
1 1872 1
1 1701 1
2108 2908 1
1369 1155 999999937
1 1181 1
1 3108 1
548 2908 1
1897 2908 1
1045 3563 1000000000
2309 2908 1
1828 2908 1
1335 2908 1
837 2908 1
1 406 1
3402 2908 1
1 3193 1
2937 3396 999999937
805 2908 1
1 3685 1
1328 2908 1
1511 2908 1
3365 2908 1
1 2025 1
3113 3684 1000000000
70 2908 1
1 2683 1
895 2908 1
1 1172 1
2018 2908 1
263 2635 1000000000
1822 2908 1
1 1918 1
644 2908 1
1 859 1
2339 3281 999999937
150 2908 1
960 2908 1
2226 2908 1
1 2723 1
871 700 999999937
2812 2908 1
1 2321 1
1690 1396 999999937
874 2908 1
2160 2200 999999937
923 2908 1
2065 2908 1
1 2702 1
1470 2908 1
3629 554 1000000000
714 2908 1
1 138 1
1354 738 1000000000
3209 2908 1
3572 3674 1000000000
1 795 1
3100 1753 999999937
696 2908 1
3093 2908 1
476 2908 1
1 147 1
3273 3002 999999937
179 2908 1
3279 2908 1
2486 2908 1
2547 2908 1
3536 2908 1
1 674 1
1 1228 1
2332 2908 1
3439 1208 999999937
3534 2908 1
3515 2908 1
1 922 1
2326 2908 1
2277 2908 1
1 2700 1
342 1479 999999937
1042 1987 1000000000
1 2636 1
1869 2275 1000000000
3214 2908 1
1588 2908 1
1955 2402 999999937
1 1089 1
2209 186 1000000000
67 2779 1000000000
1 1937 1
1 860 1
1 1858 1
2895 2908 1
3296 2908 1
1 2641 1
1 2660 1
1 470 1
149 2908 1
3489 2908 1
1 2996 1
1 3125 1
2370 3142 999999937
123 2908 1
2360 1399 999999937
1987 954 999999937
1 2231 1
1741 2007 1000000000
1 3225 1
1847 2387 1000000000
1099 2929 999999937
2828 808 1000000000
2833 2908 1
554 2925 999999937
1 2785 1
639 3244 1000000000
1 1329 1
1 1954 1
1 1900 1
1 604 1
1503 2180 1000000000
1 1687 1
122 2908 1
1 348 1
664 2908 1
1 395 1
1 2022 1
1 159 1
628 1030 1000000000
3344 2908 1
967 2995 999999937
2599 2908 1
1 2461 1
1 2618 1
3558 2908 1
2505 2908 1
148 2908 1
1 1651 1
1006 2908 1
1460 2908 1
2133 12 1000000000
1 2197 1
1 3593 1
1 3185 1
1302 2459 1000000000
3184 2908 1
480 2908 1
232 642 999999937
1039 2908 1
1 2099 1
2801 2204 1000000000
1 1374 1
1990 2908 1
2623 3250 999999937
678 2908 1
2107 2428 1000000000
815 2908 1
1 3174 1
1 1312 1
1409 2908 1
926 865 999999937
1 2643 1
2053 3432 999999937
2521 1422 1000000000
1 105 1
3049 1026 999999937
2423 2908 1
1 2435 1
1 2531 1
3202 2908 1
3126 658 1000000000
1 2005 1
2605 1482 1000000000
1 3047 1
1809 2908 1
1 1514 1
3603 2908 1
1 3607 1
1739 1014 999999937
1117 2908 1
1884 2908 1
1757 3459 999999937
858 2908 1
1549 2250 1000000000
2124 3546 1000000000
1 544 1
3054 2908 1
3440 2908 1
1 3089 1
2462 1542 1000000000
3264 2908 1
1834 2758 999999937
550 2908 1
1 1755 1
3261 1833 1000000000
3096 2908 1
1 1138 1
1 2570 1
1567 2908 1
1 1383 1
1969 2529 999999937
1 761 1
1 2368 1
1 1183 1
3498 2908 1
624 2908 1
1333 1713 999999937
1 223 1
2926 2908 1
952 3652 1000000000
781 2908 1
1692 2497 1000000000
3660 2042 1000000000
3061 2154 999999937
446 2908 1
1 2064 1
1 3586 1
1 577 1
1 2362 1
1896 2908 1
657 2908 1
197 2908 1
1 368 1
2609 2908 1
1611 3355 1000000000
1 2075 1
641 2908 1
1544 1873 1000000000
2923 2908 1
1 619 1
2049 2908 1
523 1406 1000000000
2359 2908 1
2170 2908 1
973 2908 1
1 912 1
3145 2908 1
1 1003 1
2639 2908 1
441 2908 1
1 1213 1
2748 2908 1
1 2674 1
886 2908 1
1 2987 1
1 3144 1
3013 2908 1
778 2908 1
2873 2039 1000000000
1 2229 1
1717 1708 1000000000
421 3599 999999937
1 2153 1
1 3580 1
1 2139 1
1 167 1
2464 2908 1
2917 2908 1
180 2908 1
3328 2908 1
2922 2768 999999937
2376 1625 1000000000
1 399 1
1 927 1
3551 2908 1
3529 836 999999937
1 1294 1
1 1584 1
1 2892 1
1258 2908 1
2450 2908 1
1 660 1
1184 2908 1
1844 2908 1
1 1240 1
679 40 1000000000
1 816 1
1 2272 1
318 712 999999937
332 386 999999937
1 1070 1
1 900 1
1946 2908 1
692 2908 1
2085 2908 1
3573 2908 1
2520 1663 1000000000
1 1879 1
315 2908 1
1 2681 1
1 1200 1
1195 2908 1
190 2908 1
3650 2908 1
7 2908 1
2644 3604 1000000000
981 3164 999999937
2889 2908 1
892 217 1000000000
1 594 1
1 2285 1
487 2908 1
1248 2908 1
202 3425 1000000000
1 1789 1
1 380 1
675 2908 1
1 3110 1
3616 1649 999999937
1 1591 1
2179 52 1000000000
1 3173 1
1 2021 1
1 2577 1
1 2776 1
1 3319 1
982 2908 1
1 1250 1
1 455 1
45 2908 1
1 3574 1
2044 2908 1
1127 196 1000000000
1644 2908 1
1 2193 1
1 3232 1
2241 2908 1
3309 2908 1
1 3656 1
1975 741 1000000000
2546 2908 1
3339 2908 1
3060 2908 1
1 2408 1
3390 2908 1
719 1743 999999937
2042 628 999999937
2968 2908 1
1 2447 1
1734 1988 1000000000
2935 2908 1
1234 952 999999937
3330 2013 999999937
1 1304 1
343 1285 1000000000
1 1357 1
1854 968 999999937
762 2908 1
1463 2908 1
423 3482 1000000000
1 2914 1
1 1943 1
1 1241 1
2869 247 999999937
667 2908 1
883 1889 1000000000
1 1723 1
2112 1534 1000000000
1586 1129 999999937
2296 2908 1
1 3157 1
2094 2908 1
3645 2908 1
2927 2908 1
3583 2908 1
2675 2908 1
2523 650 1000000000
1 911 1
1 552 1
1 2655 1
2725 2939 999999937
47 2908 1
1 928 1
776 2908 1
2369 2908 1
1406 2841 999999937
1069 2908 1
1 3488 1
3512 3137 999999937
2738 2908 1
1272 602 999999937
2995 3569 1000000000
2398 1050 999999937
3360 2908 1
1226 2908 1
1 2142 1
954 967 1000000000
2152 2908 1
755 1342 999999937
3321 2908 1
1 1831 1
1 2400 1
1 1221 1
439 2908 1
1 1636 1
1 3395 1
1 649 1
3628 2908 1
1 3460 1
1898 2908 1
110 2908 1
1 3527 1
1467 1351 999999937
1 2707 1
1 108 1
3444 2073 1000000000
864 2908 1
893 2908 1
2458 2311 1000000000
1 3245 1
39 2908 1
1 1343 1
1 1811 1
1781 2908 1
3571 2908 1
3393 2908 1
2742 2908 1
26 191 999999937
1960 2908 1
1974 2908 1
2237 3430 1000000000
3443 2908 1
2343 2908 1
2114 2908 1
1 3063 1
2727 2908 1
1 2348 1
670 1908 999999937
1 2788 1
793 1354 999999937
1010 2419 1000000000
1 3011 1
1 636 1
3311 2908 1
1 2088 1
1 279 1
464 2908 1
2006 1235 999999937
1 2501 1
2506 2908 1
1 1764 1
2205 2908 1
2787 2922 1000000000
3169 2274 999999937
1 1031 1
96 2908 1
1 2219 1
514 245 999999937
597 2908 1
1040 733 999999937
1 2800 1
834 2908 1
2220 3444 999999937
1037 2908 1
1 3426 1
1667 2908 1
1 2017 1
1 3211 1
474 3083 999999937
3537 1717 999999937
593 2908 1
1027 2908 1
3622 2908 1
1 2494 1
1770 2908 1
1 390 1
1 1013 1
1 1289 1
1 1577 1
1 1065 1
181 2908 1
297 3537 1000000000
1 2117 1
2794 2908 1
1 2330 1
2274 3349 1000000000
2207 1586 1000000000
942 1566 1000000000
1 1631 1
1724 2908 1
1 1659 1
2848 2908 1
1 3283 1
2664 2908 1
1 1722 1
1 1462 1
1 2679 1
1 3659 1
1 1890 1
3411 991 1000000000
1 63 1
1 501 1
1 1449 1
1566 69 999999937
1 622 1
1 1227 1
1 1652 1
970 2908 1
1 2135 1
2908 3022 1000000000
3568 2908 1
1 76 1
1 888 1
450 2908 1
2769 2908 1
3356 2908 1
1 2168 1
1 977 1
1 53 1
2106 2908 1
1 3265 1
1639 2908 1
2770 412 1000000000
1777 1313 1000000000
2685 2908 1
2066 2908 1
3686 2908 1
1 3140 1
1 1961 1
1124 2908 1
533 344 1000000000
3592 2994 999999937
603 2908 1
1 367 1
3567 72 999999937
1214 2908 1
2540 2908 1
525 1840 1000000000
1593 2908 1
1193 2908 1
3672 2189 1000000000
747 2908 1
351 2908 1
1 3503 1
4 1149 1000000000
1 993 1
1 3151 1
1 3394 1
2557 2908 1
1 3316 1
457 2908 1
1 2542 1
1 316 1
1 3542 1
1 1933 1
1 1404 1
1792 1827 999999937
1 3378 1
1 113 1
1 346 1
1 3139 1
861 3479 999999937
3349 2753 999999937
1063 725 999999937
2691 2908 1
1 1236 1
1 2373 1
1 1315 1
3117 383 1000000000
2982 2908 1
1615 2908 1
3518 262 999999937
2068 2214 999999937
2841 3106 1000000000
1 356 1
1 1620 1
1 2585 1
31 2908 1
466 2949 1000000000
1930 2576 1000000000
2346 3029 999999937
268 3408 1000000000
1347 1930 999999937
1 686 1
1 1592 1
1 629 1
1231 3207 1000000000
1415 2908 1
1009 2908 1
1 333 1
1 64 1
1772 3257 999999937
1 1683 1
1882 3644 1000000000
2063 2908 1
1 3625 1
1 1267 1
1 121 1
3259 2908 1
1 2732 1
1 2347 1
1 1508 1
3422 3428 999999937
1803 2908 1
655 2908 1
1 2846 1
1 2587 1
366 2908 1
176 2924 999999937
210 728 999999937
1430 2908 1
3522 2908 1
1018 3308 999999937
1 796 1
2843 2908 1
481 2908 1
1 137 1
1 1001 1
1 588 1
1 454 1
3055 1807 999999937
3456 2908 1
1 2210 1
1805 2908 1
1210 3533 1000000000
1327 2908 1
1 2282 1
2852 2908 1
1 632 1
1059 2262 1000000000
1 914 1
1573 2376 999999937
2378 2890 999999937
1 2854 1
1217 647 999999937
362 719 1000000000
2040 2908 1
2101 2220 1000000000
2628 2908 1
1 1950 1
1 870 1
1 2196 1
394 106 999999937
1 930 1
323 2378 1000000000
1 1926 1
2260 2908 1
1 1998 1
2680 2908 1
1 768 1
413 2908 1
1 3475 1
1 1855 1
2433 2908 1
1 947 1
1 1490 1
234 2908 1
3229 2538 1000000000
2198 1389 1000000000
1 849 1
611 2908 1
1 1978 1
2715 2908 1
1 3159 1
1716 2908 1
1 3277 1
1 1905 1
1 317 1
1 3179 1
3511 1901 999999937
2950 2908 1
1 2793 1
1 3149 1
2356 1201 1000000000
2899 2908 1
3074 2908 1
400 2000 1000000000
1 1761 1
1608 2491 999999937
1 2121 1
1 3098 1
2581 2908 1
3505 2908 1
2832 2313 999999937
1 1297 1
1 1288 1
1 2823 1
1 1402 1
1 2484 1
49 1000 999999937
2589 2033 999999937
3189 2908 1
2630 2908 1
3341 2908 1
946 2908 1
1 3417 1
1 684 1
1368 2908 1
1 2480 1
355 2908 1
1 3619 1
3006 2908 1
2590 2908 1
1 2868 1
402 2908 1
1 2144 1
1 2941 1
195 2317 1000000000
1 2866 1
2518 2908 1
2147 2908 1
1 1216 1
2286 2908 1
2111 2908 1
84 2908 1
1050 447 1000000000
3472 2124 999999937
3085 1369 1000000000
2694 2067 999999937
2514 2908 1
1 3051 1
1 3653 1
1 2631 1
2449 2908 1
2402 708 1000000000
1 2796 1
1 1678 1
2305 2908 1
1 2559 1
2970 2908 1
340 2908 1
1 3314 1
1 3336 1
214 2908 1
2753 3208 1000000000
3239 2908 1
334 2908 1
2181 2006 1000000000
2541 2908 1
1375 2908 1
2693 2908 1
1 326 1
2928 2908 1
259 2908 1
2637 2908 1
760 2908 1
1 1083 1
1 3237 1
5 2644 999999937
3115 2908 1
3291 918 1000000000
1 3581 1
273 2908 1
2647 1442 999999937
2474 2908 1
637 2908 1
444 2370 1000000000
1 1883 1
1 3554 1
2816 3273 1000000000
1 3655 1
1 575 1
1495 1903 1000000000
3464 1251 1000000000
1 1735 1
1 1071 1
1 681 1
680 2346 1000000000
2684 2908 1
1 2669 1
1 1432 1
2847 1847 999999937
2012 445 999999937
3526 2908 1
1 468 1
2496 2908 1
602 634 1000000000
948 2908 1
1 3591 1
648 2908 1
3449 2908 1
339 1033 1000000000
3643 2820 1000000000
448 2920 999999937
379 2908 1
1 672 1
1 963 1
3484 2110 1000000000
1 2992 1
3525 2908 1
1 1599 1
1997 2908 1
1277 1025 1000000000
1 2295 1
383 2905 999999937
1492 2908 1
1135 2908 1
2512 2908 1
1 2606 1
2236 2908 1
1563 2908 1
1904 2908 1
1 2134 1
1 253 1
1 353 1
440 2908 1
1152 2908 1
1617 2908 1
1 82 1
1 2470 1
1 327 1
3150 2908 1
2239 2884 999999937
1515 2767 1000000000
1 651 1
1 3371 1
1 727 1
2240 2908 1
779 2908 1
1 823 1
65 3220 999999937
2176 2403 1000000000
2250 3088 999999937
1 3320 1
262 3496 1000000000
2543 2908 1
817 2908 1
1 669 1
1 3487 1
2499 2908 1
1 2966 1
1 2215 1
2690 2908 1
3073 2908 1
2495 2908 1
2792 2908 1
2076 2908 1
1246 3045 999999937
1 520 1
2864 2467 1000000000
1 233 1
1892 2908 1
929 2787 999999937
1 1730 1
1 1361 1
1 1561 1
1 3266 1
1473 1888 1000000000
1654 2908 1
162 2908 1
1 551 1
1484 2908 1
1 3255 1
2956 1549 999999937
1285 3572 999999937
1825 2908 1
3020 2908 1
616 2908 1
1 1851 1
1779 2908 1
1555 1564 999999937
1 2234 1
1 2519 1
1665 2145 1000000000
2125 2908 1
1 821 1
3427 2908 1
1756 2908 1
1 2508 1
804 117 1000000000
2838 2908 1
1 30 1
3485 325 999999937
2262 1127 999999937
391 2908 1
2090 2908 1
1600 2908 1
1 3476 1
1 2930 1
2661 2908 1
3608 2908 1
3624 2908 1
1 1407 1
1051 2908 1
3088 1244 1000000000
3181 2908 1
1 1560 1
1647 2908 1
1 1425 1
3210 2908 1
1 3288 1
1 235 1
2751 2908 1
1870 2908 1
2695 899 999999937
3368 2908 1
3354 1868 999999937
1 845 1
3662 2908 1
1 2554 1
1 936 1
2103 1095 999999937
1 1877 1
1412 365 999999937
3495 824 1000000000
2885 2908 1
1 956 1
3559 2908 1
1191 3416 999999937
512 1769 999999937
916 3610 1000000000
1 2394 1
565 2908 1
1 2845 1
1984 2908 1
1 2156 1
1 3474 1
3610 2283 999999937
1 1818 1
1605 861 1000000000
1 1967 1
1 1863 1
1 2043 1
810 2908 1
2442 2908 1
1 1539 1
2033 3519 1000000000
866 2908 1
1244 1605 999999937
877 2908 1
1 868 1
1 2775 1
40 2864 999999937
3675 2908 1
1758 2908 1
1 519 1
72 1272 1000000000
887 2908 1
1971 2908 1
1 3668 1
3451 2908 1
3582 2908 1
1 2060 1
1 3361 1
1 2662 1
541 2908 1
2069 2421 1000000000
1268 1079 1000000000
1 2140 1
1 2358 1
1 1749 1
1 2945 1
1 736 1
1 2842 1
365 1443 1000000000
192 2908 1
3268 2908 1
1188 2908 1
3637 2908 1
1903 2203 999999937
1 1156 1
2454 2908 1
2471 1551 999999937
1 37 1
1 1502 1
189 2908 1
3666 2908 1
1 1612 1
1 1558 1
1 1530 1
1 2257 1
1168 2908 1
230 1573 1000000000
1356 1493 999999937
2451 1057 999999937
1 2172 1
1 2201 1
1 1273 1
1 3478 1
112 2908 1
560 2908 1
2463 1259 999999937
3415 2908 1
1 3508 1
8 2908 1
2539 2908 1
2218 1607 1000000000
1 838 1
1 2965 1
3343 2908 1
1 1048 1
1988 3077 999999937
1812 2908 1
1 2678 1
1 278 1
2821 2908 1
3416 2463 1000000000
3636 1777 999999937
1 2761 1
1148 2908 1
1 638 1
2736 1736 1000000000
1 41 1
3561 2908 1
3130 2908 1
1194 605 1000000000
238 2908 1
828 2908 1
1 2273 1
1 2137 1
3604 329 999999937
3023 883 999999937
1614 2908 1
2478 913 999999937
734 2908 1
2424 499 1000000000
3274 3133 999999937
642 1104 1000000000
1401 2908 1
1 2047 1
1 1388 1
1846 2908 1
1 2790 1
2322 3518 1000000000
1107 3295 999999937
1 1507 1
1743 3472 1000000000
2888 2908 1
1 1835 1
1 2608 1
1098 67 999999937
1 3532 1
1366 2118 999999937
1798 3117 999999937
1314 3485 1000000000
1073 2908 1
2190 2908 1
502 2079 999999937
1 2355 1
582 1055 1000000000
2102 2908 1
354 2908 1
38 2908 1
1 2620 1
1 1245 1
783 2908 1
1 1610 1
437 3100 1000000000
1 1317 1
1102 2908 1
1 1043 1
1597 2908 1
2154 2438 1000000000
1 3305 1
561 2908 1
775 2908 1
1 3670 1
1389 2133 999999937
1 357 1
98 2908 1
2635 3617 999999937
2149 2908 1
2805 2908 1
3380 2589 1000000000
2214 2162 1000000000
1350 2908 1
329 1040 1000000000
3425 2901 999999937
3246 2908 1
1 3065 1
1736 2801 999999937
2255 2908 1
1 2357 1
3228 3455 999999937
1 2217 1
2730 2908 1
1545 2908 1
1 2055 1
3233 2908 1
1121 2908 1
2167 1957 999999937
1 2657 1
1 2976 1
1 2688 1
1 1794 1
1787 2908 1
1104 2322 999999937
1208 3529 1000000000
1 537 1
1 129 1
1516 2908 1
1 830 1
1132 2908 1
3165 2569 1000000000
772 115 1000000000
359 2908 1
169 2908 1
132 2908 1
2364 2908 1
1 1902 1
1 2192 1
1 1565 1
389 2908 1
1 699 1
1827 1496 1000000000
1907 2908 1
3481 2490 999999937
1461 2908 1
2777 2908 1
1 530 1
903 2908 1
707 2908 1
1 428 1
1 3500 1
3408 803 999999937
2849 1408 999999937
1242 2908 1
2819 2908 1
2973 2908 1
1 92 1
1413 32 1000000000
2308 3392 1000000000
1370 2908 1
1 1215 1
1163 2908 1
1 1632 1
2312 1412 1000000000
1155 210 1000000000
3034 769 999999937
1 2871 1
1 702 1
2726 2908 1
266 2908 1
1670 2908 1
3192 2908 1
3248 1356 1000000000
2457 2731 1000000000
1 1206 1
1324 2908 1
200 2908 1
1 2050 1
966 2908 1
2817 2908 1
1029 2908 1
1 3507 1
915 2908 1
1729 2266 1000000000
1 2571 1
1 1293 1
658 3270 999999937
1830 2908 1
373 3447 1000000000
2840 2908 1
2026 2908 1
784 3616 1000000000
979 2908 1
3332 2908 1
1 516 1
1237 3126 999999937
3206 2908 1
1450 2908 1
3389 3411 999999937
606 2908 1
3640 2908 1
2806 1262 1000000000
1128 2908 1
1 1820 1
2182 2908 1
1 771 1
3112 2908 1
183 2908 1
1 228 1
1 2468 1
1 1390 1
2411 2908 1
1637 2908 1
758 2908 1
1833 2650 999999937
643 2908 1
599 2908 1
1 2353 1
3588 2908 1
296 2908 1
1 3601 1
1 350 1
1 29 1
1 2393 1
2491 814 1000000000
1766 3366 999999937
2110 2457 999999937
3486 2908 1
3251 3494 999999937
3016 2908 1
986 2908 1
1 2977 1
1 1307 1
2227 2908 1
1 376 1
1 2934 1
1 885 1
3657 2908 1
498 2908 1
3172 2908 1
2857 517 999999937
2904 2908 1
2311 1268 999999937
3647 3196 999999937
3579 2908 1
2741 2908 1
1885 2908 1
311 2908 1
2921 1757 1000000000
3040 2908 1
1 3200 1
1 1437 1
613 2908 1
3639 2908 1
2565 116 999999937
1271 2908 1
740 2849 1000000000
143 3664 1000000000
1 62 1
1868 2289 1000000000
1 285 1
3267 1801 999999937
1311 2908 1
744 3629 999999937
1 1821 1
3355 1727 999999937
1105 2908 1
1 1436 1
2279 375 1000000000
1 2323 1
152 2908 1
1 1159 1
1 1746 1
1 295 1
1666 2908 1
2851 2908 1
1485 2908 1
1 465 1
2157 2908 1
1 3097 1
404 2908 1
1 1826 1
1 1641 1
54 589 999999937
1 3238 1
94 2908 1
247 1133 1000000000
1 1768 1
614 2908 1
1 3005 1
534 2908 1
1505 2908 1
1 933 1
141 2908 1
728 2633 1000000000
2779 144 999999937
1748 2908 1
700 494 1000000000
1 3153 1
1 1204 1
1164 3422 1000000000
1 3473 1
1 1085 1
3256 2908 1
1464 2356 999999937
1475 2908 1
1 2556 1
2981 2827 999999937
3300 2908 1
1 1980 1
3188 1333 1000000000
2766 2908 1
1004 2908 1
151 2098 1000000000
1 175 1
1836 2908 1
1894 2908 1
1 592 1
1 996 1
3501 2908 1
1864 2207 999999937
2529 2068 1000000000
161 2908 1
2105 1676 999999937
1 767 1
872 1464 1000000000
1 812 1
2488 2908 1
1 2208 1
2594 2312 999999937
585 2908 1
1 3550 1
1 1538 1
1 2325 1
1603 3165 999999937
1292 2908 1
3664 423 999999937
1 3000 1
1551 1772 1000000000
3466 2908 1
1 482 1
1 3128 1
1178 2908 1
1263 2908 1
2048 2908 1
1 1147 1
1 3467 1
188 2908 1
222 2908 1
689 131 999999937
1 715 1
1 1922 1
1 3470 1
1 201 1
3423 2107 999999937
1775 143 999999937
264 2908 1
2510 3248 999999937
1 306 1
820 2908 1
2651 2908 1
1209 2908 1
504 240 1000000000
1796 2908 1
1229 2908 1
1 2701 1
1 3623 1
1681 2143 999999937
1 1471 1
2169 2908 1
3452 2908 1
14 1575 1000000000
2811 1627 1000000000
1 1197 1
1 417 1
338 3199 1000000000
2440 2908 1
2292 2908 1
1 792 1
3072 2908 1
532 2908 1
1 1860 1
1130 2908 1
924 2908 1
1 426 1
2978 2908 1
1581 2352 999999937
1 1348 1
2204 2279 999999937
991 2521 999999937
23 2908 1
3598 2908 1
1513 2138 1000000000
1 1257 1
1 568 1
808 1679 999999937
596 2908 1
3247 2908 1
1657 2908 1
1 2943 1
2672 2908 1
1 19 1
2721 2908 1
992 2908 1
3009 2908 1
1 917 1
1 1524 1
503 2908 1
1 1786 1
1 3491 1
2162 772 999999937
1 299 1
2558 2908 1
1 2473 1
839 2908 1
1 2536 1
1 3418 1
1 2057 1
2441 2908 1
1713 3138 1000000000
3373 2908 1
3671 3292 1000000000
3577 2908 1
853 2908 1
1 2051 1
1 553 1
1 3109 1
2490 2015 1000000000
1 3555 1
3663 2908 1
2617 782 999999937
1962 2908 1
3454 2908 1
2467 567 999999937
1 2345 1
142 2908 1
2161 2908 1
3142 981 1000000000
157 2908 1
1 3410 1
844 2908 1
1 787 1
1 2652 1
1 2482 1
2385 3613 999999937
1982 2908 1
2760 2908 1
1 1886 1
958 2908 1
1049 1196 999999937
2289 1243 999999937
1380 2908 1
1 1373 1
1 1526 1
671 1223 1000000000
1817 2908 1
1 3062 1
227 2908 1
2158 120 999999937
74 2908 1
666 2908 1
3196 305 1000000000
745 2908 1
1 1019 1
2297 2908 1
2528 2908 1
1 2522 1
1 3224 1
1 136 1
1568 2908 1
1627 1813 999999937
1479 232 1000000000
1 1387 1
2774 2908 1
196 230 999999937
1 1219 1
1176 2908 1
1 2264 1
526 2908 1
1 2502 1
945 2908 1
1 2887 1
1 2626 1
1807 3070 1000000000
1081 3679 1000000000
3429 2908 1
1 701 1
1170 3023 1000000000
1 3627 1
3029 514 1000000000
2186 2908 1
211 2908 1
3611 2908 1
1 1852 1
2667 2908 1
2377 2908 1
1 1253 1
1 1939 1
1410 2908 1
1 1531 1
1 411 1
1 336 1
208 2908 1
2998 2908 1
1399 513 1000000000
724 2908 1
3684 2179 999999937
1 3621 1
1 1981 1
3035 2908 1
3412 2908 1
289 2908 1
154 2908 1
2429 2908 1
1917 2908 1
1 374 1
1 1364 1
1 1853 1
1 1574 1
1941 2908 1
1 1626 1
904 2908 1
1 3094 1
1706 2908 1
1 2366 1
3223 3146 1000000000
3644 2112 999999937
748 2908 1
3161 2908 1
3681 2908 1
1850 793 1000000000
3313 2908 1
3084 2908 1
237 3169 1000000000
3056 3439 1000000000
1 3282 1
1291 2908 1
251 2908 1
3221 2908 1
1 3134 1
1 2175 1
1 1598 1
1 1419 1
2291 2908 1
1 835 1
1849 2908 1
1 1207 1
1 145 1
983 2908 1
1 1488 1
1 1936 1
3299 2908 1
873 2873 999999937
1 3294 1
3121 2399 999999937
3342 2908 1
1 1528 1
1 1150 1
1 3123 1
1 1989 1
1 1151 1
1 277 1
1377 2908 1
1 1420 1
2872 2908 1
2497 263 999999937
205 2908 1
447 2176 999999937
1 291 1
260 2908 1
2758 44 1000000000
1 2537 1
1 2091 1
753 2687 999999937
1668 2764 1000000000
1737 2908 1
1055 697 999999937
1 3632 1
1 146 1
1 3271 1
1944 2908 1
1243 2498 1000000000
1260 2908 1
1 1255 1
935 2908 1
1 1499 1
1443 3325 999999937
2768 1555 1000000000
1973 2908 1
799 2908 1
1398 2908 1
2258 2908 1
995 2245 1000000000
2994 744 1000000000
2712 2908 1
1 396 1
302 2908 1
1 2019 1
242 2908 1
1 2964 1
1 3310 1
1 283 1
618 2908 1
1 2714 1
1 1279 1
1 652 1
1 2534 1
2614 2908 1
1 2897 1
1 2780 1
2406 2908 1
850 2908 1
321 2908 1
1 284 1
1785 104 999999937
1 3646 1
1 2119 1
2733 373 999999937
1 1157 1
1321 2908 1
312 2908 1
1 1891 1
3086 2908 1
1 726 1
1 434 1
1 3205 1
2912 2908 1
1 757 1
1 2692 1
1 2881 1
1638 2908 1
1 951 1
1 2999 1
1 2061 1
1 1113 1
1576 2908 1
3187 2239 1000000000
1 118 1
1218 2908 1
1 3362 1
1 2560 1
71 2908 1
3257 2624 1000000000
1476 2908 1
1 1979 1
1 1951 1
1 1322 1
972 2908 1
2151 2908 1
1 2405 1
1 2028 1
2029 2908 1
1 1459 1
1908 394 1000000000
2439 2908 1
1 1363 1
742 2062 1000000000
1 693 1
1 387 1
1 2743 1
1095 1438 1000000000
2687 2719 1000000000
1 943 1
510 2908 1
1520 2908 1
1919 1784 1000000000
3494 2789 1000000000
1 1700 1
1392 2455 999999937
1 583 1
1165 2908 1
1101 26 1000000000
2808 2908 1
1 1011 1
913 2253 1000000000
3243 2908 1
1521 2908 1
1024 2908 1
1 75 1
2553 2908 1
569 3660 999999937
1451 2908 1
2986 1562 1000000000
1653 2908 1
3546 293 999999937
694 300 999999937
1 1705 1
1 989 1
2130 2908 1
2925 884 1000000000
451 2908 1
430 2908 1
494 2027 999999937
2113 338 999999937
1274 3520 1000000000
1 2765 1
1 2773 1
458 2908 1
3132 1754 1000000000
1 518 1
3258 2908 1
2095 2804 999999937
1 3240 1
186 2469 999999937
1 1616 1
3674 1668 999999937
2313 1376 1000000000
1 807 1
2007 2654 999999937
1585 2908 1
1477 2908 1
1587 2908 1
3030 3015 999999937
751 2908 1
2584 2908 1
1 965 1
244 722 1000000000
1379 2908 1
1 2555 1
1556 400 999999937
1376 2595 999999937
116 324 1000000000
1 1630 1
1 2689 1
2278 1347 1000000000
3496 2744 999999937
2180 2952 999999937
1149 1075 999999937
135 2908 1
3180 2908 1
1 2290 1
1 496 1
1 2334 1
1888 1741 999999937
957 2908 1
1 1466 1
1 1993 1
1 3436 1
1 2697 1
579 2908 1
2920 1301 1000000000
3037 2908 1
901 2908 1
1 827 1
1867 2908 1
2756 343 999999937
361 2908 1
505 2908 1
1 508 1
1 1580 1
1 1094 1
3477 2695 1000000000
1 2432 1
1 1571 1
1 3323 1
445 3032 1000000000
2596 2908 1
2831 2908 1
2337 2908 1
2782 1314 999999937
1 2745 1
1813 976 1000000000
1 2320 1
3262 2908 1
3295 723 1000000000
2682 2908 1
566 2908 1
2413 2908 1
1 3620 1
1251 2452 999999937
1 1728 1
2409 1674 999999937
635 921 999999937
1880 2908 1
1 2472 1
2698 2908 1
3236 3388 1000000000
1945 2908 1
2595 3166 1000000000
1 801 1
1 1007 1
290 2908 1
980 2908 1
1 1190 1
1 2059 1
1313 1081 999999937
1 3562 1
1 1080 1
3385 2908 1
1 1385 1
1 10 1
13 2908 1
1 788 1
2078 2908 1
1 1103 1
1714 2908 1
2551 2908 1
1 774 1
1 2671 1
3370 2908 1
1 3044 1
1 969 1
271 2908 1
567 3049 1000000000
2876 2908 1
1 1532 1
802 1841 999999937
1 3541 1
1 107 1
1 3203 1
1650 1444 1000000000
662 2908 1
2650 2694 1000000000
1134 2908 1
265 2832 1000000000
1948 2908 1
2886 2908 1
2884 569 1000000000
209 3028 1000000000
1 3104 1
1 2132 1
1 1137 1
1 2335 1
300 626 1000000000
1 1977 1
1 813 1
1 3053 1
3212 2908 1
1 978 1
1 1481 1
2708 2908 1
1 1874 1
1 3290 1
2427 2908 1
397 2908 1
854 2908 1
3327 1850 999999937
1 1469 1
3338 2908 1
925 2908 1
1 3413 1
1575 2375 999999937
2365 2908 1
1414 2908 1
2401 2908 1
2509 2908 1
50 2908 1
483 3251 1000000000
1014 65 1000000000
100 2908 1
730 2908 1
319 2908 1
1 2054 1
1 3068 1
1 2388 1
1512 2339 1000000000
1887 2908 1
1721 3056 999999937
1 252 1
1 1816 1
3595 2908 1
713 2908 1
1 42 1
931 2908 1
1 381 1
1564 2191 1000000000
999 2908 1
1 2734 1
1 3493 1
1 1506 1
2015 2237 999999937
1097 2908 1
248 2908 1
890 740 999999937
557 2510 1000000000
898 2908 1
1 1295 1
1 1423 1
2387 847 999999937
250 2908 1
1 182 1
3122 2908 1
1 2483 1
1 3400 1
1992 176 1000000000
1 2616 1
270 1773 1000000000
3469 2908 1
1959 2908 1
2604 2908 1
3544 2908 1
2837 2908 1
1699 2908 1
2056 2908 1
432 2908 1
2971 2629 1000000000
759 2908 1
3642 2908 1
491 2908 1
1344 2908 1
1 3446 1
3325 1452 1000000000
773 2908 1
507 3082 999999937
1 578 1
3345 2908 1
1 1067 1
3350 2908 1
1 902 1
2749 2908 1
2911 2623 1000000000
1372 2908 1
3024 2908 1
591 2908 1
1287 304 1000000000
1 3492 1
2004 2908 1
1 102 1
1 1167 1
17 2908 1
1 789 1
2386 694 1000000000
1 920 1
2825 2908 1
2407 2908 1
1405 14 999999937
1 1038 1
1 2898 1
1 2940 1
1 3401 1
2469 833 1000000000
1 1643 1
2640 2908 1
1720 2908 1
1 478 1
1 994 1
1 2035 1
1 310 1
1635 5 1000000000
1 794 1
2185 802 1000000000
832 2908 1
1 1198 1
245 3512 1000000000
3667 2908 1
177 2908 1
1 3241 1
1 2799 1
1 522 1
857 2908 1
1 3594 1
2538 1010 999999937
2705 2908 1
2947 582 999999937
2259 2908 1
2530 1495 999999937
1 1712 1
3039 2908 1
1438 1021 999999937
1 1341 1
34 2908 1
1 2597 1
1 95 1
627 2908 1
2268 2908 1
1 2983 1
1 2072 1
1 3673 1
3409 209 999999937
3641 2908 1
2747 2588 1000000000
2329 2908 1
3079 2908 1
55 2908 1
3071 2908 1
2336 2908 1
1 1035 1
1 1994 1
1 1856 1
1238 2908 1
2740 525 999999937
3519 2791 999999937
1 3064 1
1342 2936 1000000000
2759 2908 1
2824 2261 999999937
1494 756 1000000000
2613 1042 999999937
1 1087 1
2632 2908 1
1594 1233 1000000000
1 2404 1
35 2908 1
1 841 1
1 1126 1
1378 2716 999999937
574 3445 999999937
3654 2908 1
2827 318 1000000000
398 2908 1
1784 1256 999999937
2844 2908 1
207 2908 1
1 433 1
1 2718 1
3516 2908 1
1 3438 1
1793 2725 1000000000
2302 2908 1
1684 2908 1
1 226 1
1686 542 1000000000
1 750 1
3217 2908 1
73 2908 1
2578 2908 1
2284 2908 1
2104 2908 1
1 3315 1
2836 2908 1
1893 2908 1
56 2908 1
3605 2908 1
824 488 999999937
2677 523 999999937
3015 2803 1000000000
1 1153 1
275 890 1000000000
1142 2908 1
1707 2908 1
1 790 1
1504 2908 1
1 3306 1
1 1579 1
1 1100 1
1427 244 999999937
617 2908 1
1 420 1
1 3337 1
1 1624 1
1 2414 1
1801 170 1000000000
1 2310 1
1 1677 1
1 1921 1
1 2020 1
540 2908 1
836 2750 1000000000
3033 2545 999999937
2073 2874 999999937
1 1300 1
1 1455 1
1540 2908 1
1 1339 1
1 221 1
749 2908 1
3001 2908 1
3499 2908 1
3630 2908 1
1553 2908 1
691 2908 1
941 2908 1
1 1340 1
1 531 1
1220 2908 1
1 3127 1
2380 437 999999937
1663 533 999999937
1457 2908 1
1 2984 1
1 1337 1
1541 2908 1
1433 2908 1
2890 3228 1000000000
1 1005 1
3599 668 1000000000
1 1316 1
2039 323 999999937
3587 2908 1
2459 3643 999999937
1 2294 1
1078 2908 1
1952 237 999999937
1 3216 1
2052 2908 1
2333 2908 1
2375 1721 1000000000
1 2328 1
3374 2908 1
1186 2908 1
3099 2908 1
1 2202 1
741 195 999999937
1249 2908 1
1759 369 1000000000
134 2847 1000000000
3420 2908 1
1523 2908 1
2453 2908 1
1878 2908 1
286 2908 1
1 3506 1
1 1497 1
109 2908 1
3458 2908 1
3124 2908 1
1 1047 1
1480 2908 1
2013 2471 1000000000
1 187 1
738 2747 999999937
517 2409 1000000000
811 2908 1
1 173 1
1 2299 1
1 3383 1
2183 2706 1000000000
1160 2908 1
2487 2908 1
1 705 1
1 1732 1
1 2822 1
1 3027 1
3041 2908 1
3028 202 999999937
1283 2908 1
1 3665 1
2271 2908 1
918 1274 999999937
2791 83 1000000000
769 3389 1000000000
1 3676 1
1857 2908 1
1 2417 1
697 689 1000000000
1442 1952 1000000000
1 509 1
1689 1569 999999937
1 2954 1
1 2280 1
1649 1063 1000000000
1072 2908 1
344 2181 999999937
2953 2908 1
1 2287 1
1 3442 1
1265 3431 1000000000
1 687 1
3285 2908 1
1 1927 1
2223 2908 1
889 2908 1
2789 3286 999999937
52 1665 999999937
2936 942 999999937
2507 2908 1
555 2908 1
2412 2908 1
1058 2908 1
2874 2530 1000000000
867 2908 1
1 1783 1
1 3564 1
1 2944 1
1613 2908 1
1 1384 1
2281 2908 1
11 2908 1
377 2908 1
2341 2908 1
1601 2908 1
2830 2908 1
1 2960 1
1 292 1
1956 2908 1
3118 2908 1
1 1819 1
1280 2908 1
865 2167 1000000000
1146 2908 1
2381 2908 1
1 3195 1
653 2908 1
1 3163 1
1 896 1
1022 2908 1
3146 2198 999999937
1 1066 1
1 1309 1
3095 2908 1
3421 2908 1
1441 2908 1
1 1118 1
1 363 1
1 2395 1
2722 2908 1
3032 639 999999937
1 3191 1
372 2908 1
2975 2908 1
1092 2908 1
1 1239 1
968 873 1000000000
1203 2908 1
1 862 1
3080 2908 1
2573 3274 1000000000
2961 2908 1
164 2724 1000000000
1 2267 1
2199 2908 1
3082 1246 1000000000
1 87 1
1 2211 1
1752 2908 1
1 1633 1
630 2908 1
1 1122 1
2939 2235 1000000000
1 418 1
1 1859 1
3176 2956 1000000000
1232 2908 1
2894 2908 1
1 2549 1
1769 3061 1000000000
488 2095 1000000000
3557 1854 1000000000
1032 2908 1
68 2908 1
2383 2908 1
3490 2908 1
2200 1082 1000000000
2513 2908 1
1537 2908 1
1 77 1
2668 2908 1
3347 2908 1
3014 2908 1
1 2870 1
2850 265 999999937
1 2709 1
847 3409 1000000000
782 2740 1000000000
1 1266 1
1 2444 1
1675 2908 1
2438 1975 999999937
564 2908 1
1 2815 1
1 791 1
1428 2908 1
2716 3636 1000000000
1082 297 999999937
130 3147 999999937
1 3661 1
1 3634 1
1 746 1
1077 2908 1
1542 164 999999937
1 3293 1
875 2908 1
1 453 1
646 2908 1
1235 3687 1000000000
3190 2908 1
1 3334 1
3462 2908 1
3301 2908 1
2516 2908 1
1 1114 1
3669 2908 1
1 2173 1
2545 2298 1000000000
81 2908 1
1695 2908 1
3120 2908 1
1371 2908 1
688 2908 1
2477 2908 1
1 345 1
1 1965 1
2361 2908 1
1 2859 1
1 258 1
1 1458 1
2027 2617 1000000000
2148 2908 1
1161 2908 1
1262 2101 999999937
1 1090 1
1308 2908 1
1 1696 1
725 1305 1000000000
1 1934 1
1 3363 1
2803 3021 999999937
369 466 999999937
1367 2908 1
1 987 1
3066 2908 1
1 172 1
1 2795 1
1 3547 1
1 547 1
1482 3333 999999937
1747 3406 999999937
1 2906 1
1 18 1
955 2908 1
1578 2908 1
1 3502 1
1906 2908 1
2575 2908 1
1725 2908 1
1 2778 1
1 1486 1
1174 2908 1
1468 2158 1000000000
3138 536 999999937
1365 2908 1
1 171 1
1 2038 1
1 241 1
174 1494 999999937
1 1572 1
1 2129 1
467 2908 1
1 855 1
1 1559 1
2372 2908 1
2396 2947 1000000000
1 908 1
1498 2908 1
633 3609 999999937
2783 2908 1
1 1876 1
1 1325 1
1 2582 1
1 3424 1
1 1929 1
1 1938 1
1 500 1
403 2908 1
490 2908 1
1501 463 999999937
2452 1427 1000000000
1 2206 1
3521 2908 1
1319 2908 1
959 2908 1
1 3566 1
3538 2908 1
1 1487 1
1 515 1
1052 2908 1
1 78 1
1569 1139 1000000000
2418 2816 999999937
3480 2908 1
2045 3187 999999937
1 128 1
833 2911 999999937
610 2908 1
1 607 1
1 2533 1
1 543 1
2171 2908 1
1 1760 1
712 1217 1000000000
3002 2160 1000000000
126 2908 1
2724 2458 999999937
1 1362 1
2437 2908 1
1 3465 1
1 3322 1
2517 2908 1
3649 2908 1
2481 2908 1
1 1519 1
1 2601 1
3612 2908 1
1 1704 1
3235 2579 999999937
1 2324 1
601 2908 1
1000 174 1000000000
1175 2908 1
1496 3261 999999937
1 3575 1
1 1911 1
2527 2908 1
2820 804 999999937
1 2164 1
2456 2908 1
665 2908 1
1 3284 1
2245 1116 999999937
2080 2908 1
1814 1503 999999937
2880 3404 999999937
3600 1689 1000000000
1 1745 1
1 255 1
1 2159 1
1 1865 1
3353 2908 1
3302 2908 1
1 1694 1
1534 1843 999999937
1119 2736 999999937
111 2908 1
1 1177 1
1434 2908 1
814 2071 999999937
906 2908 1
3352 2908 1
331 2908 1
1 3003 1
287 2908 1
3199 1793 999999937
3135 1661 999999937
1 459 1
1 3222 1
3403 2908 1
1 625 1
166 2908 1
590 2908 1
370 2908 1
2903 2908 1
3103 2908 1
1619 2908 1
856 2908 1
1 1453 1
3366 1581 1000000000
2466 2908 1
2882 2908 1
1 2228 1
193 2908 1
950 2908 1
1 971 1
1 984 1
3186 2908 1
1 1693 1
1112 3113 999999937
1 1123 1
1 2974 1
492 2908 1
3317 2908 1
1 580 1
1685 2908 1
1 3528 1
2988 1935 1000000000
2498 3600 999999937
1 46 1
851 1698 1000000000
2041 2908 1
1590 2908 1
2399 1834 1000000000
1 2913 1
1 1640 1
1 546 1
335 2908 1
2492 2908 1
1057 3076 1000000000
3287 2908 1
1 2548 1
1 2916 1
1233 275 999999937
1 489 1
1875 2908 1
3280 2908 1
3036 2908 1
703 2908 1
2919 2908 1
2633 1594 999999937
1 341 1
1589 2908 1
1 1254 1
1 3531 1
3197 2908 1
1 1914 1
3025 2908 1
1353 2908 1
1 535 1
1 1017 1
2009 2908 1
3364 2908 1
1192 2908 1
2905 2756 1000000000
1 894 1
739 2908 1
3406 1808 1000000000
2814 2908 1
549 1059 999999937
2023 2908 1
2877 2908 1
1 1782 1
85 483 999999937
1629 2908 1
1 2713 1
1923 2908 1
485 2908 1
1 86 1
1 2893 1
1 1411 1
3520 339 999999937
1493 2379 1000000000
1 1804 1
1840 2209 999999937
1 1144 1
1 2146 1
2586 2908 1
1 2562 1
1 919 1
605 3249 999999937
199 2908 1
422 2908 1
3479 54 1000000000
1 3019 1
1674 2349 1000000000
1 2327 1
1 1349 1
1 153 1
1 735 1
1 1330 1
1 2907 1
469 2908 1
2298 3380 999999937
1400 2908 1
704 2908 1
1 3230 1
2764 2811 999999937
1 460 1
1 59 1
3263 2908 1
3569 3188 999999937
3026 2908 1
1 473 1
2951 2908 1
2163 2908 1
2891 2908 1
800 2908 1
1189 633 1000000000
1 1076 1
472 2908 1
2016 2908 1
511 2908 1
1338 2908 1
3312 3511 1000000000
1 3031 1
1 3297 1
1 961 1
2338 2908 1
1 1763 1
3292 362 999999937
2001 2908 1
879 2908 1
910 2908 1
2963 2908 1
1949 2937 1000000000
1 1909 1
1 114 1
1 2247 1
1 1284 1
2952 1969 1000000000
1 2717 1
3298 1829 999999937
1 2703 1
1 2938 1
1618 2908 1
1 2032 1
1116 2224 1000000000
2354 2908 1
1 3269 1
3077 1107 1000000000
1 1264 1
2818 2908 1
2058 2908 1
1025 995 999999937
3398 2908 1
2306 2908 1
1 1145 1
3376 2908 1
1 3087 1
1096 2908 1
1 2263 1
1 891 1
1 294 1
1 2737 1
1 3154 1
1823 2908 1
1 2686 1
3399 2908 1
1 1424 1
1895 1170 999999937
3070 2989 999999937
1 763 1
131 2105 1000000000
2191 3578 999999937
3652 2218 999999937
1 1606 1
3404 1099 1000000000
1093 2908 1
3329 2908 1
2853 944 1000000000
1 1086 1
3433 2908 1
1625 2969 999999937
1 2256 1
1899 2908 1
1 1306 1
1862 1733 999999937
3682 2908 1
1 1964 1
2862 2908 1
1158 2908 1
1 1767 1
2959 2908 1
722 1180 999999937
1 2010 1
1 2781 1
2929 2782 1000000000
1 427 1
1 349 1
1 1771 1
600 1191 1000000000
407 2908 1
1931 2908 1
3638 2908 1
1 79 1
1 1431 1
2421 1658 999999937
1 2340 1
1 3585 1
1679 1237 1000000000
1 615 1
1 1583 1
3129 1275 999999937
711 2908 1
1 1141 1
988 2908 1
3450 2908 1
1 2344 1
1 3116 1
1 1478 1
2270 2908 1
2949 1949 999999937
1 1915 1
438 1101 999999937
1 586 1
304 2532 999999937
3038 2908 1
1 1211 1
20 2908 1
1 1999 1
1702 2908 1
2087 2908 1
1 720 1
1557 1759 999999937
2254 2360 1000000000
1 1056 1
1596 2908 1
409 2908 1
2079 1501 1000000000
1 229 1
1 2663 1
1310 2213 1000000000
1015 2908 1
1 3168 1
2252 2908 1
1030 1231 999999937
408 2908 1
2426 444 999999937
1 1995 1
3445 1378 1000000000
1664 2908 1
2122 2908 1
497 2908 1
2612 2908 1
125 2908 1
1 24 1
3617 438 1000000000
1012 2908 1
1 654 1
1 2410 1
1 239 1
1355 2908 1
3680 2908 1
93 2908 1
3530 2908 1
2037 2908 1
1 3523 1
1 425 1
1 2979 1
1 2915 1
2579 2524 1000000000
1 1932 1
1 2300 1
1 1381 1
932 2908 1
718 2908 1
3335 2908 1
2116 1119 1000000000
846 2908 1
1 1983 1
1 3090 1
852 2908 1
298 2908 1
2232 2908 1
1 3548 1
3386 2908 1
1 997 1
1199 2615 1000000000
717 2908 1
1 1788 1
2969 2115 1000000000
1394 2908 1
3633 2908 1
2706 2520 999999937
1 2649 1
1 1634 1
650 1734 999999937
3369 2523 999999937
1 3324 1
1 1440 1
1 2363 1
1 527 1
1 1742 1
716 2908 1
2511 2908 1
1 1691 1
3431 2254 999999937
1 2990 1
1 2416 1
120 2676 1000000000
1 3384 1
3042 2908 1
1 2316 1
1 3614 1
1 1125 1
2704 2908 1
2150 2908 1
1 475 1
324 2710 999999937
1 410 1
1 393 1
2948 2908 1
1 1062 1
1 388 1
1 2371 1
1 1533 1
3083 2113 1000000000
1 1604 1
2729 2908 1
1 2967 1
733 2380 1000000000
869 2908 1
1 3102 1
170 4 999999937
442 2908 1
1 2331 1
3276 2908 1
1753 2711 1000000000
2352 3175 1000000000
1 3437 1
2428 3218 999999937
2115 1310 999999937
1444 2921 999999937
1 1491 1
3045 1474 1000000000
57 2908 1
1 975 1
2710 1656 1000000000
1 2856 1
2525 2908 1
2384 2908 1
2145 2424 999999937
282 3354 1000000000
462 2908 1
1064 2908 1
2002 2908 1
3004 2908 1
2303 2908 1
2225 2908 1
1 91 1
1963 2908 1
1331 2908 1
2379 3635 999999937
2221 2908 1
1 1290 1
1435 2908 1
2972 2908 1
1 2081 1
1 974 1
1 528 1
1 3387 1
1 539 1
3043 2908 1
1173 2908 1
293 2850 1000000000
1 1920 1
976 493 999999937
101 2908 1
708 3085 999999937
1 2084 1
1 2342 1
729 2908 1
1 878 1
1 97 1
3007 2908 1
3215 2908 1
1 2762 1
1 3111 1
3010 2908 1
1 1002 1
1 194 1
3540 2908 1
1 2233 1
1 2763 1
1 1282 1
6 2908 1
2127 2908 1
1 3254 1
1 2446 1
1 2600 1
1 2645 1
90 2908 1
240 2350 999999937
3 2908 1
558 2908 1
217 608 999999937
1 1554 1
2568 124 999999937
1 3057 1
2266 282 999999937
499 872 999999937
2350 49 1000000000
3218 1608 1000000000
1688 2908 1
3175 671 999999937
2136 2908 1
12 1992 999999937
371 2908 1
3143 2908 1
1 3204 1
2767 2185 999999937
1 2883 1
1 3513 1
1 1352 1
69 1681 1000000000
2804 3235 1000000000
1 2802 1
313 2908 1
36 2908 1
3166 1912 999999937
1 2656 1
3455 2880 1000000000
2752 2908 1
897 2908 1
2224 2183 999999937
3244 1882 999999937
2933 2908 1
1 2493 1
1110 2908 1
1 58 1
737 2908 1
1 2031 1
1996 2908 1
1054 2908 1
1715 151 999999937
1 3358 1
1 3158 1
659 2908 1
1 3596 1
1 2249 1
1454 2908 1
1 2123 1
1 640 1
1754 269 999999937
882 2908 1
1 2476 1
3432 1405 1000000000
2 2908 1
1212 2908 1
3148 2908 1
1 139 1
1 419 1
2711 1726 999999937
1 2475 1
1269 2908 1
806 2908 1
1393 2908 1
1247 2908 1
1 424 1
1 1225 1
1 661 1
1 1346 1
1 825 1
1 328 1
1301 892 999999937
1 1986 1
1 2826 1
2093 2908 1
2503 2908 1
1 2195 1
589 1775 1000000000
1 2230 1
626 2396 999999937
1655 2908 1
1 785 1
2719 3477 999999937
1 1913 1
165 2908 1
2141 2908 1
3046 2908 1
2901 342 1000000000
1 3201 1
1 2754 1
3106 1185 999999937
2646 3030 1000000000
1 1252 1
909 2908 1
1 881 1
3428 3055 1000000000
2315 2908 1
3658 2908 1
1298 2908 1
1 1711 1
224 2908 1
1 3471 1
1935 916 999999937
1 939 1
899 2869 1000000000
706 2908 1
2955 2908 1
1 3565 1
2638 2908 1
1 486 1
1658 3298 1000000000
3533 2177 999999937
1 576 1
623 2908 1
1 303 1
1889 1672 999999937
682 2908 1
1968 2908 1
1091 2908 1
1622 2908 1
2621 2824 1000000000
2319 2908 1
3252 2908 1
1275 635 1000000000
999999937 102 1898 1934 1519 1600 1587 497 3370 862 801 3478 1385 199 1345 2206 388 2667 2264 1768 73 3075 2484 1885 2771 843 2170 2135 1629 2008 3254 933 538 2626 3437 2249 2010 1800 3669 1967 510 2223 555 3400 121 3171 730 2720 3302 2363 2300 101 42 1469 837 3420 2778 2987 3233 2495 2331 3473 1424 485 1991 2839 2946 158 1916 1430 1466 59 1315 351 46 3044 420 1475 2898 3161 3490 1821 2587 3633 3351 156 1297 188 994 3084 1516 2280 1171 1130 3134 1825 496 2293 794 3374 2338 322 2553 492
999999937 922 407 2211 1585 214 419 510 3456 1319 776 2273 3105 1928 3633 3381 3190 392 992 693 3144 661 1008 2618 1780 546 3487 2061 3099 3573 1306 3332 3458 100 556 3631 1947 3260 1578 1986 341 501 291 125 757 863 2288 473 1673 2729 335 1628 711 3074 2334 1120 460 396 3554 2876 432 1390 1215 1239 1828 1944 978 2582 2614 3253 1543 1923 2345 768 1977 2559 1580 2826 823 905 1138 2688 3131 1666 1960 747 3307 3370 1176 1875 2620 1520 3377 205 226 2294 3337 2306 529 1606 2819 1700 1867 2933 1407 3031 118 1273 798 152 3091 3682 1760 1948 456 3062 2689 224 1293 2999 935 2014 2363 3180 2371 178 902 614 2663 1510 3276 1086 1803 1624 3531 923 763 2405 2593 3363 1817 160 806 3150 982 3670 2653 1179 1993 3183 1490 3686 2348 330 154 2839 1330 1134 2099 2516 1816 2825 1704 23 2427 3302 3446 3516 1612 527 3398 58 552 2353 29 2539 2320 3358 3068 2299 467 2309 60 508 2809 1418 1076 3611 2136 948 3024 3560 1430 334 1353 51 3179 222 2955 2148 3391 2127 3306 1416 2670 2247 1755 13 2742 2732 84 667 1846 889 988 2544 3414 737 1958 2291 2883 2743 1331 720 2730 1655 937 2698 2190 946 2184 1103 1516 3401 2567 1809 1505 2186 2851 3463 575 3319 389 3290 815 35 713 3383 1339 2562 1938 2252 1860 109 2485 2277 2575 98 2979 1232 3252 3202 3037 2885 2446 2429 795 1859 2236 2161 1355 2661 3238 731 2343 1858 2649 1781 1186 2144 627 1541 860 2564 3498 2910 2461 3412 1691 379 3167 1141 24 356 618 1593 1548 257 1613 56 1507 1108 3601 1533 1999 166 2845 1641 1660 462 2628 3661 989 453 158 617 2206 1933 1368 2962 3351 684 2794 1851 2596 2935 583 1899 2507 1203 1015 2241 314 715 3104 701 835 2795 831 1062 3042 248 2464 2328 1435 382 911 1805 3628 977 2763 3478 2780 316 2746 2057 3499 1710 1206 3632 1173 3262 2355 2483 366 736 2996 1065 468 2032 3584 749 2493 2096 2055 1640 1639 3528 2535 1284 2778 1240 1181 1380 2195 1905 3107 3476 1504 2648 1642 3254 243 951 2627 102 333 2024 796 1823 1205 2870 762 882 1892 2041 2077 1221 3341 3156 177 2965 3108 2916 1222 2938 1431 3497 48 2482 346 2709 564 1148 3364 3517 735 1584 2660 471 2761 2437 8 337 2126 2305 2271 259 2092 388 864 3011 1852 2412 809 89 1770 3013 3419 825 1449 3162 3465 355 457 3640 3168 490 1865 559 97 3475 1878 3371 917 3507 2842 74 1321 254 2064 875 538 2737 3245 135 2263 1669 2435 1582 1830 2953 1195 2169 1789 3272 47 1937 1693 3344 2020 845 1918 855 2702 2917 3209 3268 555 415 433 197 2951 3184 2546 1209 418 1278 1799 2 3112 3622 1253 2240 1367 920 1323 3541 2611 2454 1940 3589 1688 1123 285 2997 1597 2432 1414 924 260 3625 370 3483 1537 2342 2049 2090 3641 1328 405 439 3123 781 3017 489 3287 2226 3343 1225 3681 1870 2423 520 2331 1349 2508 2766 1483 591 2612 1485 2833 2249 1621 3666 500 2622 1111 3072 3352 3466 1990 2460 1001 2714 3283 1683 2417 1226 302 61 1250 1090 1579 1742 2152 2715 194 1077 78 2712 203 3648 287 1837 1332 544 3598 1011 2022 1434 2272 1508 2542 3000 1916 3665 1487 2990 103 1943 121 1047 367 2680 2957 94 2541 1972 1553 2889 2671 959 3530 3374 2147 850 159 3662 1630 1989 2434 2830 2808 2009 3219 171 3545 2056 709 3580 2284 3582 2912 1525 2978 877 1591 1296 101 3559 1762 87 340 2932 1060 3523 376 2304 3054 233 2519 2672 126 3522 1171 2705 677 2501 2410 2374 360 3566 1652 596 3357 2651 636 2928 840 1725 3226 966 3116 2800 2681 2010 3588 2337 1695 404 38 780 3247 1913 1267 1722 2433 1109 3279 2466 479 2692 424 2697 1230 3171 2282 3555 387 1857 828 180 371 541 2082 2641 2793 1552 1023 322 1264 2227 1329 654 1046 1212 315 895 3130 1343 3197 1156 3553 1883 543 1532 3211 1037 1651 3503 88 2513 1327 928 2228 1034 1802 641 2290 406 2964 165 3296 1397 2465 2984 228 2330 359 112 185 3565 1718 1774 505 2187 1362 2338 2102 288 2602 2950 1317 925 1006 1623 1463 898 810 132 2657 2930 2196 475 2425 3318 2230 2583 1647 3265 909 716 1984 428 495 516 3607 3480 669 2050 402 478 2517 1472 3488 2286 648 2255 1453 2738 1024 842 2188 2170 1644 1172 2194 3562 854 844 1648 2720 364 2268 3064 2470 1142 1298 320 748 1058 1886 278 2888 2818 2377 644 1248 2652 876 3543 1009 2817 1130 1609 310 1245 1372 93 1521 2862 2755 3217 2248 1720 783 3152 2202 1877 537 3461 384 443 403 1856 3515 2931 2836 449 2726 71 2727 1985 3534 145 1751 2441 1788 2899 933 1880 234 296 2985 1662 399 2658 3149 3492 148 3080 3420 179 3551 3378 401 136 3233 2536 1768 395 3575 2315 2852 431 2302 1518 2561 2863 2601 1677 1602 3269 1266 1825 21 2527 2394 2974 1735 2044 42
999999937 2767 1350 1332 286 2440 748 2792 1953 1172 1701 3279 328 558 3542 395 1451 3 1490 519 87 3395 473 1083 2152 2987 1710 2281 982 76 1944 3621 290 1064 111 1441 2604 1445 2964 1036 2362 1085 1260 407 2021 862 2210 3051 2475 3670 2622 192 222 287 79 1343 141 3649 1970 1788 829 3595 2223 1669 3222 2712 1108 31 2793 841 1069 669 177 3626 917 2059 1819 225 2945 2592 2915 2507 881 1499 2686 1382 3272 348 2603 1132 800 1972 1730 2984 303 509 2435 71 2566 1904 3024 875 526 3457 774 2003 1476 3402 1072 434 924 1388 3364 2286 1694 1514 309 3311 2336 956 2726 2303 163 1037 2601 1826 1478 1488 839 3493 1795 3263 165 3120 1093 1511 1735 1052 2472 1999 1898 3115 734 1221 2883 1023 610 2511 1570 2976 1786 1907 2528 1303 51 1096 1752 3686 2559 3560 486 47 2277 58 3685 2961 489 316 313 2772 254 941 283 1219 3398 1744 1491 1629 3074 2097 984 2774 2838 874 1410 345 1538 2326 2001 681 572 2479 3499 1296 3540 1876 1279 3615 3373 3237 2340 2415 1738 970 510 1232 1963 2519 2495 3098 2805 173 3528 1331 1890 2701 2535 1842 3331 2681 729 3039 1666 1986 306 1181 2951 1507 1631 2821 2480 3585 337 3633 73 2215 2831 2543 953 1954 2172 1460 1695 1053 2259 780 1124 1655 2762 238 3322 720 356 1758 1156 2759 619 2843 1087 1687 3667 867 199 2914 27 3669 2560 2270 1032 385 3551 2763 3173 1140 979 928 3342 2425 194 1595 3027 1567 783 1925 809 310 2186 2377 347 2099 3054 1403 1750 2669 2075 3242 1906 714 1664 652 435 3217 1791 1606 662 1001 777 731 727 627 958 1016 3603 1341 2557 3300 2848 401 2854 1212 84 3123 301 1528 3410 2090 3501 1188 2906 565 1718 357 791 3550 102 462 686 1872 1723 1920 3580 2578 2963 3461 2746 974 161 3151 64 1193 1068 848 1535 128 50 374 2729 1325 2876 21 2243 3000 3136 2100 1326 739 2781 1654 761 2679 1657 3225 1361 2058 1616 1480 1593 1013 1034 2320 936 53 2888 2157 857 1293 218 3180 264 321 334 3205 380 1918 3450 3310 38 147 2106 3130 997 735 2749 3536 1584 2955 1782 2271 1858 675 882 2450 2248 3513 39 215 1638 1755 3378 2483 957 3004 3271 3521 1430 1596 3192 3452 1684 1997 1345 891 3233 877 3090 1812 3530 2514 2704 2599 1936 2620 1076 3653 2912 3317 1926 109 2639 2673 2683 75 1340 747 2309 2328 2810 81 3503 1539 280 2431 149 3071 511 3350 3401 932 947 3149 153 3446 758 430 559 1456 3183 1128 378 2829 1054 3252 2997 1937 3095 1809 810 3627 3552 2547 632 663 2516 1070 1024 1576 3104 1477 771 2667 2705 1165 1748 3206 2486 2518 359 1922 1282 2879 3601 3057 709 1432 350 2796 402 3072 845 3631 361 2631 284 743 2564 901 2287 1768 3204 576 20 2773 1086 16 2374 2092 3362 183 1548 794 461 612 934 1703 3498 3534 759 2009 3421 1871 1911 2868 241 2264 1543 150 1125 1722 534 1322 226 1697 801 2616 1384 703 750 3195 1339 390 2231 2011 2651 2372 3374 3227 3565 704 1486 2043 2032 746 2388 1315 989 3309 3139 3097 3304 2300 3243 224 3102 2771 1659 1905 3415 2282 2056 2373 1804 2190 1634 3434 381 1255 1276 3535 1145 1177 586 3337 1289 478 3476 2142 1880 1707 665 248 185 1927 563 2723 3442 778 2859 3172 2366 2406 1071 160 2466 2206 3329 358 2314 1830 2948 3058 2018 2860 3001 2325 1525 56 3145 2597 2023 2790 625 532 2541 97 426 487 893 1247 460 3073 2783 2126 1120 2655 2416 2751 678 389 3041 138 2400 24 127 2449 886 3456 2798 1173 1601 2034 221 1007 368 2085 1778 3143 1450 2128 2246 2436 3338 336 3167 713 419 2410 2087 112 2550 3547 2887 1365 291 889 2305 296 3591 1039 2513 781 2653 2690 1563 3564 302 2722 1516 1571 1990 1458 1391 1415 2096 3326 145 3418 994 1636 2892 3003 36 2590 2614 1207 1031 1498 2065 1397 417 555 2063 2871 2159 1533 376 2077 2357 1183 2546 3241 2808 497 2626 823 266 1370 568 2958 2430 3558 2877 1978 2327 3080 370 636 2437 2846 933 3590 859 553 2556 2671 3008 3290 2953 1283 1899 108 1429 1614 1774 1186 3043 2371 377 2718 3040 2359 2493 2902 852 2591 3346 243 3341 1781 3216 2427 1874 2862 684 909 86 3523 3181 2766 3245 766 3508 9 599 10 3266 2889 3258 59 1411 1509 458 3556 2217 677 3299 2119 3576 2296 1519 2895 2197 601 1306 1290 3323 2674 2503 364 2858 3185 3460 2943 3553 168 721 1560 860 2244 3663 516 2628 3509 3128 2390 2839 2294 983 3011 477 1011 140 425 551 3683 963 100 1956 835 2255 1379 1463 2525 896 1923 2354 950 3605 311 2199 2391 938 1067 3611 1526 1835 1363 125 2903 2625 3184 795 2247 1390 1294 3140 234 1307 1266 1797 1094 2552 1489 673 3212 3155 3596 2581 2807 2721 456 3506 1670 2031 1393 203 1241 1245 3598 3650 1831 2814 2966 3031 2295 121 3505 1080 148 3131 696 2121 548 2014 2144 3469 1582 2188 2265 1568 3036 2544 3278 3190 3265 964 1242 1971 2891 973 3424 1916 48 19 179 1506 3522 3253 1705 1995 1222 2982 2748 274 271 2682 2979 3574 811 201 1933 2881 770 1637 3357 2228 1598 2856 1574 2306 1699 1151 2297 3197 1732 2002 732 1362 2688 253 898 1401 2368 80 2992 2412 3375 1939 1683 319 3577 878 1886 3075 866 2555 2201 1521 1853 2910 906 2134 2742 1171 1652 664 637 2754 2447 1400 2083 1152 528 3526 1048 82 155 3468 2494 1825 62 828 2341 2659 1884 1865 3006 2663 1996 2343 977 596 3438 3352 2022 1348 1620 1134 1799 1745 2522 3269 595 1828 3112 638 1150 915 57 1367 2361 3134 101 3462 1160 2899 1859 1505 3655 1523 1941 1931 1693 2732 1597 935 227 2321 3543 1109 3007 2465 2893 181 2897 3451 198 2272 1046 2249 3038 2054 2822 55 1074 3682 481 184 3186 1837 2780 3642 717 6 231 2137 2127 446 3320 1462 805 2236 2882 482 1252 2293 2689 815 1787 453 1308 468 2972 349 1304 45 2670 93 61 3035 200 2505 1372 2942 846 3122 1532 3666 844 807 990 531 2587 2990 1897 331 3385 2577 1407 2641 3367 666 1092 598 571 152 3570 3156 880 3026 2870 1169 1921 1820 541 299 2907 843 2680 1644 1856 137 2608 1893 3675 1818 1321 1395 3062 1961 2561 2699 3668 622 3619 1863 2084 3124 1027 3390 3420 2165 1976 1805 3144 3624 2485 3612 351 631 471 404 919 3483 1309 335 1541 3259 3200 2500 1280 1940 1144 2460 2752 3288 715 255 2813 1492 3356 2395 1077 2619 1844 3163 798 3256 2369 1838 2872 3171 920 2358 1583 1580 2482 1945 1763 1653 1431 3656 3014 1849 1802 2930 961 763 2219 1091 955 3427 2205 3019 2392 2316 180 3654 1102 2123 1982 2809 1740 1153 2441 645 2456 1981 366 2276 1599 2527 1554 1424 2570 1015 616 498 2304 1216 189 2330 655 166 987 2211 1029 1264 1176 500 2280 1998 3376 1447 3091 693 442 2757 1353 2825 1203 294 431 3568 2310 2 648 849 2028 1836 1800 2931 614 2401 1725 2081 1436 1078 3319 1065 2913 2795 773 1373 2517 2606 2473 2508 3025 3538 560 2974 3066 1284 3193 2540 307 566 3678 333 1103 530 1675 2685 706 1783 1870 1214 2434 2946 752 2760 1420 2470 360 544 273 3583 3111 2178 384 1146 3101 1336 2337 1358 3157 943 1419 18 2324 1044 3297 399 2171 314 1008 2076 2959 409 327 42 113 3571 3681 89 154 1728 508 1446 2703 1158 3234 105 1126 2397 1035 585 1248 590 3579 1720 1009 371 2153 3063 2878 1878 2149 451 1909 3221 396 2038 187 3492 3676 3009 3365 114 2049 3294 2802 3637 1887 3209 208 1147 830 624 1647 1051 3255 1335 2195 2618 2539 1240 2534 2973 2837 214 1552 1062 1724 2047 3306 2122 2161 691 1006 454 3359 3150 2468 775 863 821 2844 428 1979 2348 1327 3467 2957 3103 1989 1765 716 2693 441 1118 3280 3527 1546 1003 2709 1993 1900 2114 3480 2338 1984 1229 3068 2074 411 3213 2070 2904 1157 1300 3658 2894 806 562 3554 1394 1806 812 1130 2737 295 476 2672 3559 2496 2684 3441 538 3634 674 2175 1004 13 1204 2735 2422 1591 907 2474 556 330 505 931 1943 3673 391 29 2960 1914 3099 1472 3382 216 3458 3179 1968 2697 322 136 3588 2985 1161 2212 188 3381 1226 692 910 1660 2668 2184 550 2016 762 2291 1628 2898 2192 3593 182 2221 1471 242 2108 3387 382 3443 496 2715 2170 937 2461 2506 1851 2509 1816 946 1168 971 1163 1609 1437 1197 2777 107 2938 1530 2260 2148 1254 1928 1704 397 3344 575 1639 1642 895 11 2323 2393 3470 3211 2717 832 3170 3433 3254 3050 711 2319 3178 3226 2533 1114 1106 3347 786 683 2784 2444 68 1190 3328 233 2504 1651 2586 1230 1500 688 3628 3490 1879 2208 2285 2627 2917 1058 2064 986 2146 1005 1360 3162 1958 1867 1680 3488 3662 3400 1056 887 737 894 3118 3463 2141 2852 1117 603 2066 1174 469 484 2432 3351 2252 2720 3602 1811 3587 1211 3623 3426 2741 1592 2353 1205 640 1760 292 2284 1352 3053 3548 1991 3413 3127 2962 2307 1434 142 1439 2542 1749 3377 159 3201 2017 2384 2364 2094 2078 1481 1142 2993 879 8 169 1536 1337 1385 135 2799 3665 2765 1520 1857 2216 3017 868 545 1022 620 1948 190 2057 3584 856 1239 3586 657 1624 491 1504 1702 1677 888 1387 840 960 2636 3119 2130 363 1845 2935 988 3215 1383 2036 92 1200 3105 1409 1020 1994 1100 2024 260 250 2649 96 3048 1159 1017 2845 94 379 2648 2812 2136 277 904 123 527 3335 1917 2896 436 3606 1073 229 2269 2970 820 1271 2318 2299 1866 591 1751 1148 3632 604 796 2975 2785 3168 2408 3486 2019 2574 3238 578 797 864 2630 3012 3313 1678 3107 3622 2125 3386 2584 3093 33 1719 2866 2658 1875 1257 1540 1585 3582 1622 1852 853 1518 3224 1113 3466 2052 3276 1767 2794 2954 2417 392 15 1602 257 1706 2928 1141 682 710 1742 1198 3094 3293 2088 1896 908 3370 3403 799 2512 2193 1227 353 2656 2423 607 156 91 2035 969 564 414 175 249 2129 422 2950 3581 3314 1380 2652 2571 724 3086 3339 660 3334 2996 1253 2187 2885 3515 2492 103 2407 346 223 2173 1561 2999 2174 119 1371 858 2383 278 1764 3202 1615 785 3277 1794 3301 1633 1714 3174 2411 1184 1002 3657 2025 2499 2698 2983 1589 1328 3539 2940 972 3371 2335 1291 2998 3361 3264 2044 2558 1090 3284 760 1587 2755 1111 2730 1097 2329 593 3239 443 2916 2645 730 3315 1572 1135 118 2612 1250 1426 790 1414 2151 3262 239 326 1553 3160 1138 2696 1344 2582 825 2345 2005 1821 132 751 1621 3345 611 467 3497 3638 2842 2567 3109 1780 3641 3368 3680 855 1497 2091 1779 2290 630 651 3561 2761 3358 37 398 3544 2691 993 418 949 2833 579 3069 2867 1457 3214 2111 1737 2481 341 2863 3525 3152 3391 1640 465 167 615 978 923 3363 2965 1105 3353 1330 470 2800 503 3614 1267 3275 736 3646 2225 3042 158 2944 1292 2502 3507 3159 23 695 580 905 2229 1579 1218 3087 1929 2163 1716 1236 3191 2454 405 1667 3125 2977 831 2241 3232 2640 1558 985 1316 2342 3393 2775 912 768 3296 3340 2008 1066 2815 1470 1894 1938 2439 1475 2678 3065 927 3517 2602 2413 1756 1685 1404 2501 157 439 539 479 88 2104 1418 2745 818 2168 2562 3440 2554 522 1846 2708 3230 354 1206 1273 646 1461 2196 617 966 388 2818 3016 3531 3555 492 1565 406 2331 2484 1465 3321 495 3379 1110 1527 3089 3005 3500 3478 501 3092 3020 1421 1123 3283 2429 3594 3247 3231 2700 975 3562 854 2823 1167 1375 2227 228 3399 718 1346 1487 3153 433 35 1746 1789 2404 506 3046 1225 1815 213 1662 2638 450 776 2851 653 110 597 2575 2194 3037 613 2835 2048 837 3116 817 1166 2040 992 129 3419 701 1590 2240 3437 17 3429 999 2610 162 3047 1041 827 577 1618 2664 2713 757 251 1357 3079 2263 767 1771 1355 126 540 2933 1974 472 3067 2381 30 1435 279 584 1524 3219 2909 1559 2932 1485 816 1122 1985 914 2643 2487 420 252 529 1202 1803 74 2238 449 3573 1175 876 2315 3013 1855 643 3210 457 900 1402 2632 2549 2131 3343 1891 1297 1578 1696 2010 2267 1423 3630 3285 2093 315 1934 2657 515 99 206 7 3044 561 2477 3474 1881 3659 2738 352 1417 139 298 2593 3182 789 1317 3449 1019 2662 211 3084 3487 41 432 3158 464 2268 1977 60 1671 2727 996 3397 2029 3307 3608 70 3471 2585 2233 1178 1547 3282 2055 3436 2855 2301 2037 3287 609 490 2563 387 3240 1913 1885 2334 3052 3318 3384 587 1700 1691 2607 1374 2923 1143 2242 959 1983 1946 1510 1860 1192 1883 1224 1731 459 3545 1619 1469 2692 1449 2147 618 2675 2273 3566 1892 2026 3589 1502 2642 2453 1286 3407 3510 667 2934 3064 902 3677 2182 672 2257 3541 1484 2082 205 2476 1319 1154 2834 1377 367 2598 1038 427 1967 3648 2060 2365 1577 1043 2900 261 1089 3110 1131 2734 236 3502 1228 3189 3645 945 951 702 3516 1334 1136 1425 980 1617 962 2919 3414 1121 1238 1531 1645 1213 410 1416 3532 1028 3010 3096 1910 3198 1648 745 869 552 1483 581 3108 1269 2788 2702 2786 1902 834 1613 1455 897 3268 2061 475 583 1453 2840 813 1965 3412 2531 2004 2367 90 1295 3607 1915 2292 520 1959 455 3453 2548 1641 1288 1932 3448 2332 792 1381 629 2443 3161 2414 1298 1770 1711 1433 2488 2117 1630 2051 172 1950 235 3405 3640 2132 413 594 2020 28 521 2778 193 308 2080 2355 485 1364 3177 1673 2927 2139 2600 2918 1466 939 3148 2347 2050 320 1047 842 965 705 940 2288 3475 1137 2830 1817 2464 2861 2967 1632 415 1761 34 518 588 178 1688 3454 1646 573 930 1877 903 2226 63 259 1508 2166 2251 1848 1278 1459 1179 3324 3661 219 2826 1249 2714 340 2836 592 2258 207 2302 1604 1588 77 1951 2169 661 1162 2156 3473 749 699 424 2611 3302 3194 870 281 1428 3246 1796 3305 3625 2660 3491 408 1980 1610 2551 95 1195 850 2234 2202 2030 2769 2445 393 1060 659 1550 3620 2819 2941 1623 1324 1776 3575 1537 2776 267 911 2256 654 2405 1947 2382 429 2536 1454 621 2875 2344 2164 1643 3141 2072 258 3060 1329 788 2232 2394 1839 885 1398 2583 1712 687 535 3289 1600 2150 1349 2968 1258 2926 2140 1312 289 3154 2707 2665 317 925 480 1215 171 2553 2537 726 3394 3417 644 1220 707 838 3489 2817 3203 285 623 2609 1973 1962 2442 2661 922 98 197 2041 1545 546 3260 3336 1012 2333 2978 3465 1810 1368 355 2596 43 948 288 3332 2135 3639 3383 1626 2120 46 787 1832 2102 1311 312 641 1612 78 537 649 2446 2230 2886 2637 2222 146 2433 1964 1822 1517 547 2743 2363 2448 1338 779 543 3316 403 372 3360 676 606 1960 1823 1320 1682 1323 1762 1263 1209 416 122 440 1440
