4
6
1 4
1 4
1 2
2 5 5
2 3 1
0
7
2 6 5
3 3 6 1
4 4 2 4 5
3 3 7 2
4 6 3 1 6
4 4 2 5 5
1 3
10
7 8 9 2 6 7 9 6
5 6 10 5 1 3
5 5 7 7 9 6
4 5 7 9 7
4 1 2 7 9
6 4 10 8 1 10 3
8 2 3 4 10 5 1 3 8
7 7 10 6 1 2 3 7
8 8 8 10 2 4 4 6 1
6 9 8 1 8 9 9
15
11 10 10 10 11 2 13 10 8 14 9 14
9 5 3 10 1 15 11 8 13 11
7 1 15 13 7 15 8 5
7 8 14 7 1 2 3 8
3 11 4 10
7 7 12 7 4 12 11 12
10 10 12 3 13 15 1 2 8 11 12
12 9 4 13 10 2 6 13 10 7 6 7 11
6 4 1 2 8 12 1
15 1 11 9 9 7 7 6 6 2 8 12 2 8 12 2
10 12 10 6 10 3 1 6 3 9 4
12 15 14 10 14 14 9 8 7 7 11 13 4
7 12 3 10 6 1 1 4
6 12 5 8 3 8 12
5 10 10 1 11 2
