20 7 70
127 127 127 127 127 127 127 127 127 127 127 127 127 127 127 127 127 127 127 127
3 7
6 3
11 9
13 4
15 14
16 9
17 13
21 14
22 15
23 18
24 15
26 20
28 17
29 17
32 5
34 20
35 20
36 9
37 13
38 20
39 20
42 20
43 20
45 16
46 20
47 20
48 18
50 20
51 20
53 18
56 19
59 20
60 19
63 20
65 4
67 18
70 12
71 18
76 8
77 18
79 19
80 16
81 17
82 17
83 19
84 17
85 18
87 20
88 19
89 19
91 20
94 20
95 20
97 6
98 20
100 16
101 17
102 20
104 12
109 19
111 20
112 20
114 20
115 20
116 20
118 20
124 20
125 20
126 20
127 20