105 7 75
53 75 25 115 14 108 106 93 2 77 122 61 102 18 113 15 114 43 39 13 111 18 78 107 63 79 62 87 123 56 117 111 125 41 122 60 20 44 91 61 53 55 47 127 54 55 124 7 125 63 46 79 76 15 123 61 54 90 109 18 116 79 88 60 101 127 62 42 23 38 119 15 88 46 118 21 94 29 57 92 61 119 118 111 15 63 78 85 125 105 91 45 53 93 73 49 119 35 93 46 113 121 118 28 75
1 2
2 2
4 2
8 2
3 3
9 3
10 3
17 3
18 3
20 3
33 3
36 3
48 3
66 3
80 3
7 4
11 4
13 4
14 4
19 4
25 4
28 4
38 4
41 4
42 4
50 4
70 4
74 4
76 4
84 4
88 4
98 4
100 4
104 4
112 4
23 5
27 5
30 5
39 5
43 5
45 5
46 5
54 5
58 5
60 5
71 5
75 5
77 5
78 5
83 5
89 5
101 5
102 5
105 5
108 5
114 5
116 5
120 5
47 6
55 6
61 6
62 6
91 6
94 6
103 6
107 6
109 6
117 6
121 6
124 6
63 7
111 7
119 7
123 7
125 7
