999999998885
531416365350
503583285849
999999998927
4299548
999999998916
1375273
24
11
528206684653
33
8
999999998949
999999998960
369356256658
2800879
441854005135
999999998820
999999998840
169031101945
999999998960
337592
482963626888
204511
999999998720
999999998820
774
491233414011
999999998896
616088
551908025784
3062367
458054088495
999999998850
501416394444
999999998970
999999998801
434426484121
999999998890
999999998958
999999998910
28
1710532
999999998916
581798162314
287400819279
999999998731
999999998956
999999998843
999999998811
999999998761
3635139
416375
999999998969
999999998780
999999998967
999999998750
999999998989
999999998935
28
999999998930
999999998861
532797751751
29
999999998930
999999998948
2615209
496656048687
2157699
999999998895
1764620
999999998970
999999998950
4
420699858996
999999998820
503989435991
999999998921
999999998990
5
524555290280
0
999999998900
999999998938
1417372
3425643
521343781717
999999998810
999999998851
999999998761
5
5
20
10
999999998910
999999998920
2989493
31
999999998841
999999998720
33
3154921
22
999999998720
566489590300
999999998864
9
3450774
366830856726
23
999999998790
999999998936
13
999999998938
999999998863
999999998881
999999998968
999999998874
384381025500
3
999999998910
8
2614506
2224988
999999998895
4097497
999999998920
999999998740
580841195900
519869433440
999999998927
3623159
35
999999998860
999999998930
2704660
999999998751
1042720
999999998880
571180133728
999999998927
575241138784
399252885119
590603672321
999999998947
999999998711
1389273
999999998840
3059170
14
15
10
589128612212
999999998895
999999998890
999999998863
999999998980
13
363605589235
999999998914
30
999999998791
3
999999998863
999999998874
999999998885
531084299651
674779
999999998937
26
20
3116298
477519868389
999999998958
507949388940
999999998939
999999998950
999999998870
999999998831
530837033262
999999998880
999999998863
999999998961
999999998880
999999998843
18
458282441127
475857161197
999999998896
999999998840
845
514225385102
621966
770564399560
552132960676
2861060
17
999999998905
999999998991
16
999999998891
999999998731
523875732525
999999998937
8
13
999999998840
26
999999998710
13
733571218293
999999998959
636225
999999998830
999999998883
450793039153
22
511975034404
23
2596257
617590030243
486301742415
2
999999998883
999999998852
999999998914
695472277675
999999998850
999999998911
999999998873
999999998760
468186979922
999999998821
28
1407400
999999998770
999999998874
2826879
999999998901
609307
1481908
2
496825814160
999999998890
581697951433
999999998907
999999998850
497355963509
999999998750
999999998960
999999998981
0
26
2038657
999999998905
764115897795
2431365
3202415
11
464155526971
362693334536
525547166382
1541307
0
999999998751
2400650
115005901326
10
317829
607842962411
22
512898897366
2
19
999999998842
487058387324
999999998940
1209787
999999998820
496011696165
999999998920
999999998863
32
19
505961450784
22
721623543344
400709724819
999999998881
463516437374
999999998780
1541566
461930666135
21
465838895536
999999998977
1204017
1827525
524117576028
14601312384
10
2742446
999999998906
2127943
999999998880
999999998895
5
22
2676349
581519314190
3
999999998979
3485554
576277326558
999999998949
363892352987
999999998957
999999998949
592564016392
999999998930
3388201
999999998951
999999998860
999999998873
0
485872012323
16
524711687165
874809
8
534368
999999998884
433168936831
16
2281194
30
513561238138
999999998980
431274917575
999999998791
3176342
100566
999999998911
999999998968
26
999999998891
485237281089
999999998930
12
999999998947
1358302
4248786
1503004
668406707611
999999998989
6
28
17
999999998720
587469038766
999999998890
999999998969
531666592845
11
999999998930
999999998947
537854976153
999999998937
513419616779
2447034
10
999999998750
999999998830
999999998800
999999998866
999999998961
999999998730
1
999999998853
999999998771
11
999999998840
3496700
999999998918
649344217932
10
499951947392
4060096
3
3704458
3
4171008
521973112313
999999998937
999999998820
3
30
3465835
6
1643855
999999998920
28
999999998810
