11
300 678103304711
5780 56657 979213 933247 611560 631 886048 484127 78 1002331 714668 4 96390 467959 9 315 318963 840359 969783 778197 752443 478 658327 3012 258764 4 105 964 651583 323344 78 750668 279401 894211 2 793333 134 13 3 107779 12557 861648 1078 263405 368794 92480 3 10104 755261 215559 469958 1 23 543797 1 785228 1042565 289898 868721 18951 495952 519 9475 19 901856 711805 1029437 6278 1091 739847 317678 192781 323344 43825 739847 84487 667783 2182 666856 133247 646689 19 196 115766 321726 273909 631 392 84487 215559 2640 242140 40940 315 641 3554 961783 989112 122401 10104 814071 56936 78 771126 1 323344 4 323344 597927 778491 215559 134 792412 7353 4 646689 744566 7 42243 447105 216625 9475 842512 19 992014 698297 771126 430953 7 33 3373 12557 1 646689 857884 315 34925 90449 544244 10104 315 6 739847 227462 34925 869232 685652 3 320 2567 784596 405698 1047124 16 84487 558802 1 89980 197300 20 80 160 215559 323344 401844 396717 968797 646689 28 382207 84487 6 570819 315 434755 109858 80 493677 5 22485 84487 631 7 739847 646689 1 929028 157 12557 894211 28941 34232 219430 231533 30854 470658 10 90 84487 905499 894211 180 545693 1001662 10104 1 1 1 17462 19 494380 64 215559 10104 285291 6 241 3 215559 3 13 359637 1 1277 1746 770332 545 323344 3856 27 987354 227462 2 15 1078 906521 843419 646689 134 18951 315 96390 2 1 725426 215559 1 39996 1 1 18951 246838 308498 673412 983842 392 685067 691777 739847 179200 2 739847 353984 840282 3 45 396458 7 588250 7 792287 636658 2 1091 94431 2567 84487 7 184961 3 91761 315 28 7 20209 23151 18951 9 1 303097 17462 184961 215559 323344 226 3 1043616 252926 215559 2157
20 14435262941
5 857147 857147 184358 1720 415104 476971 1030312 857147 4 1720 881058 270 270 1720 881058 333997 857147 492804 27
20 208754915051104
2216 951904 2216 48604 951904 232319 2216 1518 1 116904 48604 1518 116904 1518 464 109409 2216 116904 185862 83779
20 1612819367
8619 384 16 167 7 167 53333 16 16 82363 390915 24 384 1 109479 5 384 156532 384 711061
20 4417600880
474480 7536 65 788561 65 105 9 474480 752167 33703 474480 105 65 474480 33703 65 33703 1018040 57 1
20 5677507171820
12631 418148 2643 2 497457 10 104241 210182 171612 808428 171612 20 384800 5 20 2643 20 2643 315967 20
20 163883565172188
107445 2384 247260 509404 305256 2384 305256 2384 305256 2384 1899 305256 1899 63 47 107445 247260 247260 33 509404
20 40335684123863
3 115475 1 1031383 1 1031383 18782 18782 1569 747934 18782 30241 18782 1 18782 1031383 1173 1040124 1031383 1031383
20 78761910637
1 600905 1 8557 9432 224840 1 3281 891955 8557 300452 600905 262598 176 595334 176 1558 365 1 13
20 64865124368
3 16400 80 16400 873047 35 144 2 494881 2 3 16400 2 2 3 406662 263633 43898 160 786905
20 11355370941
86634 1 1 21658 662580 86634 21658 5565 1 111 170718 1 173 370615 9 403422 170718 21658 1 1
