26
2000 298038788474
23 32513 2851 1 65914 15 47 793744 7 568463 122 43 7 804927 983418 567786 774218 8 147522 512464 7937 607562 798988 817654 138 2016 35528 291 284231 3841 4200 138 457943 50 7682 459130 983418 129035 378 32513 568463 1 558512 677875 769 17 777403 284231 176703 149488 976317 138 445809 690 2153 34 124633 142115 890090 429917 5 1034001 1607 284231 26 759592 941341 35528 877052 4441 71057 890913 61 1 778887 4671 381912 11 508 284231 65914 60 1 35528 17 346763 88351 138 35528 1046808 799916 15 32258 568463 479225 390651 589314 49607 5 29763 555 4 885457 2220 193757 976918 336312 936534 2220 293190 795129 15087 918057 34 35528 1920 58 174061 127 301959 28 1607 71057 78868 71057 71057 8 122 983418 11407 29 590489 7 908022 318033 654426 142115 10 26 883180 77181 34 639989 982293 71057 37114 138 1 2016 8128 979271 780518 35528 1 25727 7 8128 1538 819416 9766 234281 3968 740895 7 284231 26 122 35528 10 35528 3077 3 1 893956 413474 277 619752 2 145204 523506 411632 10 284231 655303 4 28921 983418 399223 71057 34 507998 61463 17 3215 122 507998 1 89 8064 545271 1032753 2220 778673 2 26 575 412209 3 1 15365 568463 723406 23 983418 122 942539 6 6 149488 284231 3 258534 147328 142115 1 1042749 48 1 6 34 10 549076 2220 65026 142115 172 63 31749 629993 3 1 589314 16256 644827 199615 795997 293803 583 100 1167 596791 142115 3841 2760 785326 18416 88351 1 543356 8927 403870 196986 62046 63 7 182526 240 7 32258 1 26 397386 189 568463 8239 779448 798499 71 1920 1920 345 5703 207292 196986 120 1 15 1 284231 2220 730104 2 298513 17764 1 1 1015997 2 271075 715562 7 30 198099 2 1003305 607813 714669 1 192 499052 43 476204 7 3 230301 953085 282202 979060 572871 321978 3 881105 196986 5 502167 516022 142115 2220 15 4119 75578 1607 288233 378 7 1793 196986 696842 257 23 1016 204237 239687 65026 533862 196986 758017 775854 233710 71 7 706261 277 30 727548 5 14 35 147328 568463 94 32513 16256 71057 35528 378 366056 2 2 5703 260107 189 2 575 1920 512463 8 1 142115 513445 593894 682245 58 2335 253999 446295 196986 175347 26 10 536225 71057 966491 34 997540 7245 1 58 240 35528 129035 229565 828921 205816 7 106547 983418 3 497693 5 392019 867038 287 1016 142115 573926 459130 1 684381 459130 22815 983418 35528 10 1037903 98493 1 706814 71 8 2 285567 3 71057 80696 476113 2 365081 202261 965655 983418 114782 82673 1920 196986 459130 486968 401741 563144 459130 1425 589314 122 1 21 298825 65914 284231 1027908 3 397666 5703 69 983418 568463 88351 258071 65026 8 14 480 5703 438998 622892 18686 769 3 812896 2 138 785294 52207 2220 98493 507998 384 1021780 643207 122 31749 200943 15365 10 1 1607 283331 16256 124 185699 2220 142115 142115 284231 983418 666543 30731 5 14 142115 817317 122 28695 876030 786429 5 676866 45631 7 176703 7 892986 57391 769310 2 122 459130 150358 37372 992 2851 65914 8 2 249202 178 392910 45631 799075 331725 12863 284231 142115 71025 2 173540 94 80881 6431 4 280769 58 294657 12311 176703 161716 552577 927456 30 35528 14347 3 3586 61 293590 2 7 34 8 387945 1017232 458337 351974 36 584733 533127 1 379048 65914 138 7 74744 122 960 1151 3 122 860635 7 58 371045 189 840394 10 960 983418 180693 2 1920 88351 35528 58 437491 61463 475353 245854 3 1 715788 341224 58 31 71057 26 1025989 58 176703 547790 61250 79914 983418 58 13768 284231 8 253999 656711 2 642278 32258 498853 71 568463 25727 182526 31749 4219 3 284231 477103 11407 512527 8 459130 3586 1013353 58 277 25727 447949 983418 4119 122 48 1 142115 965832 1 521168 1 22087 3 987816 581464 425545 15 224 35528 1 244768 320693 675407 94447 545256 13899 63 651399 2302 71 922619 378 538076 275384 568463 277 454747 34 1 30731 176703 142115 526289 2 30731 933021 690 277 148899 182687 307900 1031790 983418 64517 12863 71 24623 176703 622750 321068 815673 583 29 150594 45631 254 275574 35528 3586 490997 15 16478 23 277 99641 586838 963243 1 559533 179564 768816 383210 65914 35528 10 547539 685233 36 10 3 454513 1 3077 11407 32 932859 240696 61 896 728738 2220 1 26 65914 196986 138169 960565 713950 413811 7173 26 647826 58 188255 122 375321 713575 858004 82556 2 7 6 318886 1 17 1016224 459130 812482 15 752907 575 5 708617 2 3 26 291 1 912513 10 7937 71 88351 145 4 980476 241371 707300 1 730104 6 876958 284231 37372 568463 11407 15365 1 2220 44175 853801 447737 475052 1015997 365052 10 35528 983418 376757 1022475 3968 10 64 15874 47 2 196986 459130 284231 142115 5 378 10 65914 1 706629 715851 5 36 133332 6 335145 1029 277 817880 147328 918887 731702 1 709742 226580 137574 531374 860712 284231 858161 1 6 635448 128 61463 138 761319 35528 64 71057 7 3 196986 149488 48 7969 142115 321168 748451 58 2 28695 13 11 17 2335 2302 10 147328 411046 7 142115 89 10 112225 112 15 65914 15365 3968 857922 196986 35528 265774 22815 35528 284231 507998 7 26 122 568463 5 2 962103 31749 34 597952 335820 1028032 31 810224 568463 26 956749 315027 3077 378 3968 130053 58 459130 1 378 142115 1 422343 86 7 7 58 142115 176703 1029 256922 568463 28695 781389 22087 25 48 265687 65914 71057 258071 65914 8239 1 61463 1 30643 784338 284231 751993 847546 15874 3 530489 2 1029549 35528 2335 674472 233322 138 31 6155 270761 34 14347 424739 983418 284231 14347 277 566192 15 16256 378 600580 1009367 813019 235522 712 2 96 196986 16129 712 429933 737707 142115 1 4064 806730 22087 583722 1044707 2220 74655 61463 58 587819 1920 390164 13 480443 86 202252 35528 284231 411632 378 41684 3 44175 983418 1 649984 65914 2059 10 6155 485464 619911 6431 7 628164 7 164207 32 1026977 287 927017 196986 1009555 370803 30 277 1 1167 253355 2 843802 22087 142115 1 568463 503073 162051 277 284231 31 895570 200 18686 722648 7682 196986 1793 65914 952582 15 498796 758367 142115 637438 171295 240055 989932 896 531589 57532 142115 276817 30 335020 536167 4671 826715 440491 568463 463846 443360 163776 277326 115587 35528 983418 7 138 683903 568463 360648 69 2 1 74744 3586 2335 58 908551 15 1 542878 2 3 672055 983418 520215 439997 63499 284573 778417 411632 583 10 965542 1021952 196986 404311 983418 34653 938466 8064 2220 585104 18686 3 30 983418 520215 638150 6 61463 3215 15874 896 3 71057 949910 284231 861911 65026 459130 58 420537 459130 46215 378 554358 182526 969401 3215 990408 35528 5 173714 8064 35528 371857 665712 740967 65914 541907 573461 504 36832 57391 1 858351 1 6 7 244464 983418 520215 545260 15365 730104 11043 65914 31 28 47 174785 1020649 245854 196986 153612 145 8064 657239 1 138 936094 44 138 61 3 8882 323792 284231 48482 537018 849785 65026 31 504 582019 723076 287553 315279 2 22087 428301 983418 196986 647789 348186 1 2 16478 501394 122927 64 541324 35528 30 14 588705 32 14 1 641994 3 260362 143 589314 682844 459130 146741 122 30 589314 142115 8 987128 2220 132062 196986 73379 812057 507998 3 56 35528 102908 466238 1 29 61463 31470 520215 244100 3 44175 257153 459159 122 690330 682132 2 61463 982457 1 44175 865377 404192 459130 258071 1167 98493 284231 335972 284231 1021260 814876 36 1793 1 6 459130 863879 701626 34 58802 89 16256 3 32957 621701 86 7 956688 1001604 2 467976 648138 5 5 1023753 333770 189 183387 4671 35528 11689 72 138 993160 34 2 1028044 143 65914 7 15 258891 71057 65026 7 950733 65914 550715 65914 1030924 8 316133 769 72004 71057 480 15 637122 938208 65914 71057 196986 2220 713397 979401 393375 277 568463 730104 10 896 712431 142115 1 284231 48689 102908 808959 109906 35528 3586 88351 7173 10 284231 196986 7 1 56752 10 7 286529 992414 609188 4671 692510 35528 668274 8 3 7 866054 63499 17764 678034 943106 342344 25727 44175 58 142115 30731 71057 983418 2 63 34471 1037063 504 384 821735 575 4 954976 138 7173 941735 88351 15 29 152471 575 339834 2 983418 2 2 1167 31 35528 15 61 459130 817954 4 690 32258 2220 2 378 589314 16 13 797408 863090 2 389500 243319 94290 378 1029 608688 48 88351 45631 575 7173 58 983418 88351 260107 1 378 693473 26 71057 1 213009 10 142115 593504 23 35528 732923 196986 122 729051 25 298976 100 1920 1016 12311 7 196721 876947 397518 583 1167 419481 1 7 863827 11407 584309 7 64517 2 122 51454 411632 14347 196986 8 3968 63 49917 1032286 44175 58 572477 639286 287 378 459130 86 759263 142115 1 32 503347 61 459130 98493 834199 284231 65914 34 34 1 1538 34 459130 3 774020 804478 983418 2 2851 2 381285 694390 15 459130 11207 122 35528 458699 65914 507998 478214 572032 122 32957 65914 14 901809 11 511393 461452 191376 6 196986 2 2220 71057 712052 71057 27063 566150 457848 26 147328 57768 31749 15365 5 44 459130 176703 568463 5 106790 896 74744 800086 7 1 176703 5 12311 4671 963541 394105 318716 35 2 704698 291172 12 34 1 752242 459130 29 284231 61 12 142115 2 34 120146 71057 3 71057 196986 102908 459130 7 298959 3968 609775 196986 5 1607 145853 71057 204713 824987 568463 443836 12863 480 71057 122 2220 15365 946307 189612 803 96 196986 15 497790 142115 601006 284231 8064 594361 35308 138 65026 73664 789994 1 142115 37372 992 459130 568463 1 142115 628362 47 322634 884954 459130 8 1 601614 99029 1032439 58 198984 10 510170 4604 14347 596343 196986 228001 125977 8 250325 1 348716 1607 58 58 1015921 553455 35528 35528 702400 122927 88351 245854 287 149488 2 47904 569893 107870 34 6 3 1023729 1110 31749 2 658211 58 8239 459130 14347 10 2335 7 2 138 2 17 277 519422 28695 3 11407 761904 520215 764400 35528 7 14347 1035423 138 378 1036835 896 1 1 2851 7682 3 677531 568463 25727 7 1017979 65914 32513 2220 491709 126999 284231 122 58 1920 730104 30 6431 122 238905 138 7173 223743 284231 112 142115 378 28695 114782 378 472766 2220 568463 1029 2 229565 229183 808813 459130 34 568463 252 140400 158292 5521 65914 122 950414 130053 189 927294 38333 634316 122 35528 455338 284231 748589 228603 284231 568463 6 593307 459130 788280 26 1 6696 63 2 15874 808667 583 16256 639215 339173 656659 71057 2220 1 30 122 497695 7682 756799 505234 459130 378 534008 459130 2 71 531522 568463 32513 585467 12 130053 3 13 71057 34 15874 977165 775031 37372 647558 8 284231 287 2851 1 47814 1009908 695698 284231 967479 65914 489025 58 1022871 3077 952994 1 2335 4 71057 369879 122927 35528 1045663 1029 307492 187623 2220 443728 145 769 961629 777406 62828 16478 24623 71057 896 196986 657271 401826 726548 627110 61 513919 2 1 583 1167 35528 73664 31 761486 101093 282249 398348 1 277 15 7682 783791 284231 7 2220 147328 690 568463 378471 428034 3215 58 770333 885421 61463 3 955181 459130 2335 105691 583908 490306 219607 284231 838685 491709 378 323328 684466 1 5521 730104 103981 1920 142115 815029 284231 494573 322626 883173 2335 8 1607 2220 284231 880263 138 345659 459130 254 11 248 374667 380210 71057 142115 459130 277 126999 122 63499 231595 142115 766324 881877 47 26 2 363078 917887 138 31749 863460 644558 514005 914264 841139 44175 952878 6431 138 983418 1 245854 896 507998 56 1167 1 991773 459130
25 15536241193
28 3722 33698 61505 754742 231 2 535880 30752 33294 3 231 1 2 30752 630535 33698 231 14889 503187 553 916474 9 714225 9
25 21734694021085
54 590190 590190 632 9 26589 590190 32 632 26589 22513 590190 32 26589 29 590190 283235 590190 26589 632 632 26589 550533 585790 977068
25 374783049
213575 743659 431 73 236014 897625 714 182999 182999 22874 9 182999 9579 3448 531132 182999 746122 8 3 763684 3145 55177 182999 1 246704
25 18801809854177
2188 2188 107314 560337 737 139379 36577 107314 1 2188 19619 36577 627831 737 560337 36577 737 424976 2 4934 36577 2188 2286 2188 19619
25 486504500862
83437 3 1662 83437 956127 36478 587979 1662 36478 83437 36478 226 36478 1 83437 36478 36478 226 56 432435 1662 36478 56 83437 572849
25 51653969970339
48106 686606 1187 48106 1187 188261 266496 48106 266496 266496 296 1187 1187 1187 1187 48106 1187 266496 1187 1187 62 378755 1187 65684 266496
25 12140003362607
34607 303 12 303 37014 634534 19267 24914 708077 1 1 723766 279675 19267 2826 723600 1 47 203 723600 34607 723600 2826 723600 303
25 74239376121
1153 74763 590586 15097 74763 74763 276 34 249 249 380 590586 713944 276 74763 74763 249 2306 30 249 143195 249 770042 15097 3
25 24132206609042
148114 148114 544533 359597 486 1844 24169 17042 359597 1844 820347 148114 24169 148114 1844 486 1844 17042 996522 1044640 359597 179798 17042 75944 179798
25 1069484159
24452 63 658588 63 460927 195617 409523 247 969208 65276 501903 63 7932 8159 63 63 1027147 52076 63 985215 1 3 11 1525 1
25 3628904226697
108149 1929 12675 136144 12675 108149 108149 12675 1929 12675 1929 715426 108149 12675 108149 12675 1 12675 1929 12675 215 108149 108149 431011 12675
25 6675914635
6366 947735 1874 1874 24459 60 17 549603 397 8075 24459 76027 3 24 8 11 397 24459 911967 1874 7124 566418 338 1874 61637
25 623898747
196359 11 196359 11 1189 59 4759 11 148 11 127099 521581 3 957634 479543 151 61563 61563 864891 1 1010459 15887 1189 64542 11
25 43085523117076
36 642417 64020 427315 1253 850928 844820 2 5015 844820 808711 1 844820 776500 5015 64020 1 1214 5015 427315 645945 1601 40126 844820 944096
25 28307712534785
73 73 157953 157953 19 157953 843635 73 775410 157953 457405 843635 1 843635 157953 13 843635 157953 729187 407358 1 843635 520583 3 1012627
25 3224043147
758634 766 787119 2751 393559 768 768 768 986273 3 139 651 7 16426 393559 414534 787119 393559 651 1012 651 501620 139 7 14
25 168990268400
208178 4 158575 158575 54 470 158575 3 80580 10072 585016 48 6875 158575 225845 6 48 240 211098 819341 8 533984 80580 240 1
25 237203912393
292553 54179 5833 849278 271622 1870 14 5833 292553 141638 5833 552879 1870 69866 807957 14 12 1870 846289 112757 5833 858234 281032 1767 39496
25 15721401288
24 119944 36550 672866 119944 754 1 2 1 188 25629 266001 9 24 464218 621591 3016 3 3016 668892 82 317260 617800 1027278 24
25 3088060223845
32443 955885 718 44 4453 44 506 521692 102757 102757 178 44 718 4453 491357 725134 718 14 47688 44 491357 613626 441233 521692 4453
100 12257473400
895950 10445 21318 350231 11689 583332 888 443445 2 666 270957 576893 755062 411 944437 27 616 13176 6 347417 314368 831419 402947 9868 6 1 20 3 336064 871705 23379 1 10445 9868 425 394394 40 11689 8 757004 6 5844 2922 13176 279256 232674 269414 197983 11689 591094 11689 320625 748136 11689 5844 1 614308 748136 3 411 13176 1 886750 5844 8 206695 616 42636 56 20 563 9868 47423 340935 396979 347417 730 170547 5844 447103 1 46758 748136 930320 645357 1023351 849190 952503 1010738 107319 730 1647 10 140351 748970 210278 4 888437 8 8
100 528614444009064
558696 75648 1 1 528164 589010 558696 492310 621806 558696 19 558696 246155 8 2593 2626 666299 1 4457 433330 401162 978623 30 8 123077 200250 754477 720372 739409 4 420 23106 12 107560 229555 672392 108325 25 34408 933906 985143 6 42024 61569 969791 296208 323093 704727 8 15384 2626 492310 6 12 592417 1313 15384 285250 592417 595993 492310 61538 1000103 6 142625 6 239158 279508 1 628217 210 2228 1075 558696 558696 492310 480 104 928161 22 415030 2626 305078 492310 369704 762249 156999 583467 158846 192490 599283 32 142625 51 8 20 823107 77 120 9256
100 91822427719
12 794977 8 1 69191 87568 69191 228 14 340496 103743 187513 380945 941790 304336 71 552970 133 10 85 317428 1564 2736 45189 1 2736 546930 2 350274 1057 353 87568 8648 5648 87568 71 100131 1021266 278469 686364 677975 913 909937 1 2 28 33836 6 281279 1025310 808492 1 342730 1552 906293 876114 99372 18 415304 122809 2736 270689 200263 240852 176 71 460966 3 1564 133 3 130642 287447 1014995 4272 700549 12421 1044596 5 1377 381121 807972 417494 975381 5473 631235 710315 700549 1028709 816634 87568 148638 25032 1607 12516 724551 3 105165 583 22032
100 91465518807
994468 715307 109 727 3 87 1 2725 565744 8 919907 5451 296645 247054 891738 461743 8 324854 824518 247054 1362 929636 5 10903 709721 50446 215 791948 1 24104 10903 4 3799 3 653815 22 231965 7631 10 723959 798173 867747 741345 161 3799 1104 671580 1 78145 1 442448 43 4333 376 1 376 87 174456 640445 3 22 5 7 1 683275 75 23 995933 3799 842880 1751 283630 1047468 519241 990269 48208 310352 340 727 668393 15440 835524 1 340 348913 1011531 30881 1 3152 727 2 1 41857 359209 2424 436111 528011 885692 4333 174456
100 6381848003136
4 7740 760775 924576 111 144260 33344 12062 1047844 507129 923 47548 121 376073 33344 64 233732 937477 753 739144 593992 483090 136 229685 123848 7 760775 288171 57 6031 200 123969 65079 1 72 557632 536858 557632 127770 3695 61984 517177 132716 28 145 104123 159463 13176 190193 120795 379990 60 38 612359 282048 703170 190193 1 29216 36642 94125 13176 102660 200 204356 901446 557632 508807 945950 7289 183666 75545 760775 64 60 205889 843324 1 7 105415 18 260 49 4 254214 5 557632 576 29216 253968 30 861906 12 185 241 223963 1485 5943 586272 19
