5
60 246624388089
14 891757 556044 27319 14699 25 775706 261524 343060 117599 930690 361465 6207 961493 642745 569699 57 1 13 518262 361465 359431 14699 109599 280275 361465 29399 4 14699 23293 14 1 29399 208254 307745 502815 29399 53 25 7520 502815 655031 13 14699 31 22507 201533 25 29399 6 195936 502815 953735 122964 14 956715 457787 1012728 146995 302522
10 88
1 8 1 8 1 2 2 8 2 8
10 1017529730253
236 101901 29887 12441 236 99533 236 19 29887 29887
10 11
107 2 1 2 2 1 2 1 1 1
10 508196395349
366933 366933 366933 14 14 315843 1 51803 366933 14
