26
2000 224147039184
208 1072 353990 8 49361 16 3352 8990 232 464 489427 1 53440 460007 484377 175253 505299 918474 86486 13 417 1304 642038 1 1 134 197845 287696 1037 4 260793 549982 203398 105433 52 383946 1 25552 1304 122 976 3 2 679992 52445 1 81 132748 1 165382 287696 1304 12776 504048 1 16 1034742 106881 208 3194 163 334068 24 1292 53440 464 530993 819311 287696 25552 1 170418 6705 13 21340 53440 413600 106881 517361 280 17981 863202 994819 2247 895795 854502 287696 208 16 302391 518 1597 132748 661366 1020953 25552 24680 1676 208 265496 232 208 427526 561 106881 106881 53440 318044 562876 4 208 82085 4584 385034 427526 2 239372 17 2 40554 53440 1001417 551112 4 625173 1 334068 968350 106881 1542 6705 8 1304 712155 80 1046788 976 427526 1026738 309902 825248 547632 838246 12776 708561 2 921906 530993 936284 16593 287696 410893 208 427526 323 3352 1 417 6 460260 219057 458098 26 53440 1 615506 197446 777089 12616 818943 223207 8 775086 53440 171092 434682 427526 1003708 106881 26 34310 1035861 640235 771 417 1542 106881 631544 287696 13411 530993 277209 720930 299856 8 40 1 13 32618 192 520065 661530 822083 8 464 2074 343281 957586 530280 208 239066 483186 976 786118 199 106881 121154 460616 274438 5 789784 5219 280 6 1 976 150643 120622 6 4 106881 858356 283199 518921 26823 265496 465824 208 25552 1304 427526 8 419 13411 1011484 976 3 25552 2247 8 1 219626 25552 663966 281967 967312 1 3 286924 15 8990 855053 444996 345213 561 1146 1676 49361 1006709 3 287696 8577 208 404419 24 641160 976 3 789784 5219 106881 1018052 836353 395211 7204 8296 3 99 1597 60158 976 943485 30 333021 427488 12340 6 106881 10 419024 793227 106881 6 1 965639 53440 794302 427526 417920 107294 106881 277088 244182 1304 481537 144137 957792 52806 3194 1 14 837132 15 106881 7 661530 1 900901 12340 93773 928326 679051 472999 427526 325082 577482 98723 16 208 1022547 6 865045 427526 320353 25552 1304 1024774 34310 330765 561 596253 2 16 80 9168 821270 976 1146 417 14 8 7 280416 1542 427526 280 487232 1 976 504052 888263 789784 865171 165382 24 81 1 41758 208 1670 70 210007 8 24680 53440 668136 1 354330 40 865730 14 530993 16593 134 116 945772 491420 268 25552 16 561 165382 789784 853199 208 1015651 9168 209 3 967909 287696 25552 80 789125 976 451812 913797 806994 529805 983596 167034 229560 468107 17 1 572276 113199 20 2 80 3194 1024086 58 759050 660388 5168 652 411955 106881 17 81 185647 877203 107294 1 1019262 417 346304 427526 771674 2 456273 199 143 417 61 80 24680 2 208 24 6 417 117710 86695 775893 488 427526 26 855252 581557 942211 52492 25552 3 53440 273706 106881 24068 143848 5219 334478 16 208 417 64 61 25552 2 1036830 165382 527799 1123 9168 16 53647 498868 72481 2 6 652 6 765248 53440 1 772842 53440 464 894741 53440 80 12776 207466 197446 932751 663187 208 407952 140 572766 709871 2 16 488 25552 5168 901690 326 80 228488 635886 1042403 417 795274 389546 187938 265496 106881 18425 427526 1123 25552 106881 480677 1 171808 20879 53440 330765 208 660987 41758 30765 617282 208 786541 41758 41758 1304 588970 53440 855053 714557 417 5 280 304295 839763 383630 25552 669451 53440 9168 5 976 327402 30 1072 1001212 16593 455822 33 49361 318313 3 855053 937787 782312 62873 116 14 71500 2609 207901 263154 20 209 287696 35 1 1018324 1123 6 427526 1123 1010948 421923 20 52 215857 358442 353344 3194 107294 154673 692196 24285 1027550 573 7 444160 6 40 981458 976 276097 835763 652 562479 6 52 3 12340 528256 332656 669793 2 2 34310 6 824400 661428 427526 53440 735408 20 10 561 580022 3352 49361 2247 13 544870 976 10336 53440 1542 9168 488 9168 68621 1033442 414330 2144 80 3 6 10439 3352 145240 666304 12776 66374 1 530993 1014824 2 83517 280 9168 457664 606796 427526 553568 14097 631793 334068 40 20672 6705 52 705017 5 143 53440 158374 427526 53440 963071 20 427526 105188 860714 287696 427526 2 766314 976017 417 1 265496 768456 106881 789784 789784 518 208 104 155234 9168 892199 976 798 384124 385 795981 1036740 6680 6 41345 35 770460 12776 1 25552 1542 3 603709 1542 570777 106881 513738 49067 53440 2 417 25552 259 280 24 436576 785847 976 9168 16 308696 34310 208 838709 13411 13 910328 334068 208 16 728142 1123 1 26823 704183 3352 2 10 5 11451 106881 789784 668136 25552 40 427526 801330 1304 55151 548968 287696 787542 427526 789784 184506 6705 17981 650964 2609 165382 53440 49361 801147 1 107294 813842 16 427526 427526 7 855053 280 523688 8 427526 104 4 1 427526 2609 559351 6 213763 1 106881 678552 311976 4 824280 2 454784 6 274518 26720 812357 8990 596192 80 287696 729440 17 639664 134 80 976 80 661530 1020004 3085 208 143 1036474 6680 10 4584 53440 1304 918873 405849 437923 568349 209 323 324662 487265 17 646 565149 567460 8577 98723 427526 53440 93926 976 565732 6 52 2 17 464 433842 53440 500494 116 13411 132748 8 265496 593022 464 17 106881 26 53440 685644 482707 287696 274484 536 327162 7 17 908577 287696 13 518 58 80 959560 828315 655358 107294 813161 25552 1072 258352 427526 1 1 976 730581 983224 1542 2 25552 817093 4 958626 791411 5 1542 2144 3 209 6705 161 3352 165382 41758 488 561 1 9168 9168 208 227702 2 4148 106881 1292 2 53440 637658 53440 53440 280 208 53440 417 287696 10 287696 6705 194924 464 464 1027958 410101 427526 95313 221296 417 161 1 3352 2 829030 419 556206 959460 1 17155 976 16 204337 209 265496 1044396 223192 252572 17 107294 827378 280 20 53440 16 470942 154225 106881 1 244 165382 78857 410944 976 30 834499 280 77385 53440 9168 327473 1072 80 444006 95597 667904 134134 208 83517 287696 262312 40 6 719602 35177 6388 232 860773 104 976 80 427526 12340 82755 1123 417 502862 40 548968 74971 179017 287696 106881 422549 814196 52 518689 34310 397338 5 13360 427526 489771 283923 2609 8 208 25552 427526 16 322946 561 34310 214589 476667 287696 6705 26823 71924 537428 9168 798 275804 235190 106881 40 487985 417 556748 1542 80 80 3 410978 197446 80 5219 1676 823718 53440 841931 1025910 80 1292 8990 41758 716889 2609 1597 399 167034 976 59226 548478 1 5219 2 20 49361 5219 6705 287696 1304 280 934723 4 935603 463996 6 13411 8296 972630 1 16593 208 52289 2 1304 530993 292516 385 445454 293568 433910 417 54508 137242 3194 106881 4148 769093 246652 464 287696 528291 53440 789120 8 208 765581 417 803679 287696 72606 362096 80 9168 287696 106881 62345 427526 106881 949408 1 53440 40 1026961 976 142676 827278 491355 3 16 925346 427526 53647 2 1 937016 787404 129 287696 6 1 1 1 2584 80 53440 1007378 835 668136 167034 984813 390795 4 408028 24680 292873 17 313481 417 773327 5219 383039 41758 289840 431325 287696 26 40 695497 208 5 14 12776 35962 49361 2 209327 297857 976 5219 5 791690 748541 209 50905 374398 500974 41345 419 26 427526 40 417 40 25552 3194 25552 662174 49361 380663 427526 9168 464 8 359124 32 8 684342 1 140 8 394892 1542 6388 1005652 756390 798439 817428 287696 25552 40 878385 104 24680 962240 165382 4584 232 759796 12 632852 53440 146804 976 925361 427526 25552 835 1026788 16 34310 16 15 2 2609 25552 427526 451222 694609 244 244 689782 80 417 137242 457598 691075 41758 853234 116 1304 26 976 25552 12 187421 25552 655131 8296 140 464 25552 6 41758 996596 6388 723993 29 8 287696 361075 729209 1042247 6 35 210130 2584 1 274484 153980 396688 9168 138487 652 307979 427526 2247 191666 518 427526 545659 80 574639 976 1 390898 20 129 668136 852989 165382 81 1 188453 16593 142326 105613 2 107294 49361 2 106881 886236 976 208 834068 378436 14 122 805049 143 470751 329815 24 1 66374 287696 25552 807272 10439 15 967821 371521 106881 1037 17 25552 25552 105155 106881 25552 6 24 224513 1542 24 507875 8 80 883803 2 16 654592 25552 3085 8 13411 169955 789784 65046 12776 864317 106881 208 61 427526 972055 10 25552 265496 33187 417 7 976 104 1304 92693 265496 52 52 529582 287696 5219 208 177049 837424 419 600873 1 80 601899 6 255323 53647 104 151372 129 106881 52 910670 2609 100189 134 25552 347255 111252 266163 15 80 816396 53440 427526 16593 104 40 287696 427526 503464 398593 17 561 1304 55072 232 530993 8990 4 1 5226 35 552821 214589 135826 165382 25552 53440 81 800503 17981 540530 178388 140 471118 4 193035 25552 4495 859119 197621 230739 12 61 348186 670871 7 527199 14 801014 548968 192 464 24 5168 208 1040656 407971 20 53440 136203 646 2 9168 621263 198545 812750 5219 280 676262 197936 1676 20 400506 1 976 728431 946847 35284 34310 33187 345942 462469 427526 41758 104 1 744016 989955 53440 417 976 8296 2 427526 14 187808 80 134 404743 4 231883 812839 29 4148 2247 762620 376258 25552 466562 25552 80 491266 1123 417 116 520816 41758 106881 1003706 599029 25552 427526 1045608 61597 40 106881 530993 975837 727065 247037 106881 10336 2 208 40 16 208 661530 6388 6 209 80 1033043 68621 107294 20 3194 6705 679577 25552 80 780093 738941 40 3 429178 578232 28870 424033 6705 41345 287696 287696 890981 1000884 1022514 879996 666314 208 8296 517303 49 735113 343024 16 49361 1304 5168 518 399 886437 9168 4288 553169 1304 287696 280 3 991402 8 280 9168 40 12776 913431 658383 81 1304 2 12340 78955 518 81 839219 427526 81 625044 229481 1 427526 751079 53440 34310 5168 468824 40 2 634100 183566 2609 81 976 747670 17 858865 868794 427526 800522 1 4148 50125 99 106881 473127 24680 271609 159080 351792 1 893162 53440 83517 567168 464 855053 290088 278459 155770 529331 58 106881 728124 304896 34310 16593 61 976 25552 530993 8 53440 335377 1 518 750022 40 287696 250737 4 426629 399 530993 4495 56314 670415 333663 427526 80 649654 106881 89683 207095 2 9168 771 442866 14 512408 6388 933777 49361 353806 29 287696 41758 811824 9168 741825 4 40 107294 208 80 6 832483 307991 287696 2 82903 3 464 107294 976 839840 433925 8 9168 25552 561700 6 208535 77311 461388 2 812834 637944 6 8990 143848 156604 34310 6 165382 20672 104 287696 350697 13 996640 973719 265496 987867 985184 1123 52 116 427526 53440 2247 617741 1123 1 304037 764024 976 3 67 427526 529926 102898 464 817763 275147 81 6 1 8 464 165382 20 287696 41758 1 134 25552 518 518 2609 668136 53440 26 106881 287696 6705 530993 847674 199 9168 208 2 20004 8990 57045 10 589329 167376 1041158 16 487542 427526 71 80 400644 3 26 22086 8 394892 291383 9168 7 107294 106881 106881 8 82691 658065 17981 3 447350 510600 858356 729652 2 477746 347479 116 646 329867 417 528661 106881 1001496 7 559770 1009018 285498 29 106881 548968 427526 427526 9168 140 35 373802 465784 1 10 674954 106881 918440 3 40933 981902 106881 40 464 5219 17 104 521430 208 25552 287696 464 3352 15 492984 694648 1 792455 4 427526 53440 253619 98723 16593 31171 5 30700 208 2247 232 83517 40 2 106881 976 625188 106881 1031077 530993 8296 167034 334156 41758 483 106881 13 57789 296155 1542 199998 44195 4 20 986302 983566 394892 16 2609 287696 3 969540 776229 3340 20879 1597 9168 280761 15 417365 95260 287696 417 106881 9168 9168 478209 377312 417 429178 80 326 8 739700 49361 359822
25 10011945147
38192 38192 10427 806001 1193 1193 457827 264 270987 10427 19096 304 1193 1 520158 11 38192 79388 1 1193 270987 11 38192 270987 70749
25 15337558636198
914189 1702 375798 63142 197959 57 63142 3515 1702 6014 124 6014 510760 6014 63142 554426 1702 7 415204 57136 114273 3515 618474 57136 138945
25 901877747
4083 157486 99103 220184 220184 99103 3 3 53 6880 43 6880 4083 53 25596 102387 881103 23576 4 25596 7 53 220184 3 2041
25 15898837663
159 947 159 42242 2514 947 871 1034 105 167 328351 52884 159 947 1004351 42242 947 44 947 2 546322 947 947 947 159
25 12759701071
410767 1018009 3976 100 3976 628303 3976 24 628303 2 2 253555 628303 7714 1 2 3976 18 965497 3976 645628 511590 724536 554312 97348
25 63233122729
169 422100 169 1 225 225 275418 16 225 21 53 169 1 425 225 1 422100 60303 225 60303 422100 515813 169 220553 225
25 16325484857508
2850 185831 30408 237 37163 973074 237 5 89316 47560 116900 2396 641188 47560 30408 913100 30408 30408 973074 525982 714530 116900 237 116900 637213
25 64534767248118
246 240410 189 8950 54 1016459 246 961642 15025 787772 176002 544750 778402 8 15025 8950 778402 778402 961642 248432 1375 1 778402 15025 246
25 6074475272669
6621 882572 293569 13 90516 225 660969 6621 724133 225 1 14444 986525 729067 225 724133 1 902471 6621 14444 477 639187 25 6621 532669
25 361653356411
2 27 792558 344899 59 338348 1015105 264 195272 264 738898 119 111 886008 344899 264 264 1915 344899 900 2 344899 344899 591302 1915
25 612850697
1 1 381849 3588 74810 3588 3081 2 32372 1168 139738 138483 2337 96 9 6880 74810 3588 84226 53 1168 53 30144 2337 964981
25 3945606834
1 180 1714 13718 44212 843 3762 339634 11954 3 11954 180 180 180 2988 11954 11954 1 14 638755 14 339634 79585 11954 11954
25 332662402712812
525548 525548 1 3072 786608 581637 57349 875278 745260 525548 118 8197 4840 24581 302 302 931 150715 725264 1 302 775976 491607 22 581637
25 9327379326
142324 142324 142324 973021 867407 142324 65 1047909 382 65 839694 65 382 142324 335572 707198 65 382 382 65 65 7 382 382 382
25 257465873203043
355 160056 479567 1698 189872 24 479567 8035 236 587007 994353 102223 479567 204447 29161 102223 8182 754610 587007 587007 286346 6783 168352 274399 886617
25 6292435050
5 14094 321041 14 14094 569841 61546 5 432161 93 400864 899 8 92373 7693 11 400864 93 5 400864 5 56379 408301 93 2
25 13970667654267
9 3 51948 101567 870203 42597 52347 742088 9 314092 1017063 6505 852945 52347 6505 6505 9 481285 3195 831324 52347 817 3195 27847 19630
25 31131704
7009 8 553448 22 24 454902 29 29 24 24 22593 33 24 24 29 93621 22593 898568 207934 263 570755 24 22593 837270 428266
25 14304595058
436541 218270 436541 218270 14 611 25 648172 318872 1362 1 940563 611 218270 623950 1138 1020729 18 436541 436541 1 5081 10831 887300 1138
25 4344903068
12 487258 53164 1715 30108 33148 2071 14 206 33148 271057 12 30108 8025 4 4 3 156 32103 4 91813 33148 33148 12 4
100 663111157175
39524 4136 83383 147618 38 6 329158 650499 1 308 667787 147618 16546 127769 436882 17847 39200 83383 83383 139 55 183 76017 2 299048 76 4136 78400 383992 740050 346898 83383 39524 83383 6 345180 17 14090 921648 252003 4672 3 763804 83383 439 588089 1 308 108104 33093 989598 308 427652 16546 39524 943969 3378 430912 673920 949328 3 39524 1 1463 39524 439 3 2 598729 258 823336 55 268144 617 39524 70975 23 841891 38 27 1463 432416 83383 3 568494 2230 325 697782 3 3378 3 991229 64 3 1 13 41691 204875 439 977534
100 95446860123772
452389 2777 85628 1 50489 723646 128803 58252 95387 159 20092 26490 871716 889511 1577 834710 585076 5 85628 68691 1027662 470096 387170 387170 831822 711134 711134 1 20092 7 448711 802084 276 348625 936267 118690 5555 631343 414052 711134 7814 13 387170 711134 685347 2777 827970 88891 88891 1 22222 2675 454056 4 126706 27887 5555 3 3708 723760 188549 85628 1 3708 719071 604489 490008 911458 177783 553 26417 3 275202 489740 44217 4 12 7436 501861 88891 369642 488206 125026 103 44 100768 717002 20092 85628 3708 756 355567 222 3708 500106 2584 880647 21230 22222 298063
100 120578816593943
1567 112297 109 20503 459087 1 20503 344229 329206 543381 35902 159305 249879 1754 5432 73129 439582 858890 438 3329 651617 20503 48877 93118 748188 730 20503 2243 546299 112297 187047 17384 160135 504074 705644 224595 56148 725753 13317 112297 438 1 8 3712 54 1 471151 511907 938046 961968 1 20503 249879 386968 1011829 568401 193443 7265 142835 408036 224595 800599 295568 89752 1754 224595 347696 274853 249879 4119 512023 20016 677040 1 2 1 249879 2243 224716 347696 3 58127 4119 56148 112297 17374 249879 20341 262129 3632 396002 929641 1 28074 249879 1754 1 224595 647489 118449
100 15147268292212
112855 10 14106 116 902847 15 902847 902847 442891 761809 1041135 14106 6359 26 558 31 1039133 15918 55281 900748 3700 451423 25327 175045 525873 8 117094 902847 751732 741403 124 721498 773390 225711 965 62 867965 451423 71548 112855 156508 809894 112855 388806 3700 124 3700 3700 7 15988 263912 14106 907 851106 1 211834 525724 500885 311598 15988 1 451423 628 248 30907 50655 628 794 187 50655 772237 116 101759 1041135 890067 4037 769652 61815 64181 173634 488533 3 289218 65070 8943 112855 356511 916486 13 688386 558 775283 34 1041135 3700 112855 1 851316 112855 633331
100 819936583379
8052 1027 310950 763 1006 3054 1 796453 1017471 2 494 905230 483027 449613 450869 936827 105 483027 655831 493324 3 1015810 89811 3 1031796 58 1 483027 946686 1027809 718241 11 572169 118798 588384 2 19 190 256 81978 82114 203989 316791 213050 658755 24275 20 381 475194 474 1517 1 302214 227593 562175 1747 630419 15383 310551 2806 327915 122112 2 1972 89811 358805 246 707360 9 1020142 3 81042 964405 1027 998385 190 22 62 3945 515328 95235 1 5 118798 180494 30189 839670 936068 634742 63296 799775 17612 763 24275 380942 932892 213050 33284 41859 61
