11
300 951112784349
1013919 110 56690 18 13760 350 1 1 1 93 459284 238709 120221 44270 453525 1 453525 907051 671324 660929 496294 29 658939 1 17669 54109 547707 93 988368 241239 1 357053 463805 2 657146 350685 1 5 1 95523 5 907051 3756 14 2 12118 599 221 420186 110 58 757 726598 1 6621 122 999831 13 669050 673954 874973 178555 56690 30154 907051 936548 11502 710771 47 146844 51 907051 54685 433535 652012 1482 23005 30055 15926 122575 743073 151796 240443 1 6621 490 1 350685 1 350685 88541 43 268506 461601 380103 198061 7 13 6 226762 88541 1369 880409 13770 188743 365844 169291 907051 297922 15705 11502 5 350685 453525 10 193895 525872 1 453525 714106 442 226762 5 714106 15385 2398 110 46950 350 15077 14172 110167 14172 27 1402 242996 29 221 94 1001870 350685 14172 93 752516 453525 502587 675218 6621 894989 431363 38304 874973 442 1495 13 67326 3 786737 1771 1402 1 70937 173508 874973 991092 388446 54685 47454 441048 56690 94 78 92 13770 712670 3 642466 152802 345905 449796 24236 6 442 221 234986 15705 297776 7513 29 283386 1771 714106 409306 13 13 23005 23005 27 1 402480 6621 46 110 811 13 806781 25978 837715 43 58746 6494 1 545602 369695 1655 38378 6621 1 14 226762 185106 11 85 88541 14172 3769 442 863979 3 698914 708954 1021877 697816 185513 13 292503 12118 566550 808536 345 125646 88541 88541 233696 10 970370 93 538877 47 178526 29 23 69117 453525 908387 23005 186 507113 6621 722882 3 315 697921 10 387790 55 14172 315 240443 697 1 5479 47454 1 885 11 114 1 6621 43 13 453525 431272 18 453525 1 382763 15 6494 178526 874973 7 27 207829 125646 6621 174336 14172 29 13
20 579545956509
2057 98461 80 330756 29 80 34543 80 34543 29 80 34543 34543 28410 98461 98461 80 705581 588684 330756
20 2673644089
796358 569 4665 1 4665 1828 1 1828 1828 142 1 601298 4665 1274 569 4665 826856 657144 4665 4665
20 253236343548685
338701 694827 761299 875897 943378 9673 85804 11 7322 457 3 2 28 496563 411398 2 9673 2755 457 457
20 122359749754
58345 1 44259 278765 44259 44259 58345 26 58345 105594 26 292268 5 26 896187 1 1045944 455 455 265767
20 5726892982095
65359 3 65359 170674 884183 22 513104 682698 65359 107 65359 546507 786255 755918 65359 22 786255 786255 1 107
20 2031439399706
1 968665 2 2 968665 2 2 414406 2 484332 888755 217740 2 879376 484332 1421 7 968665 484332 968665
20 34467727576
13177 1165 457869 843665 1 256 88 587421 32870 843665 88 256 510168 205 669196 843665 510168 843665 256 519567
20 742983969563
22142 759216 268821 986568 425637 11 1326 11035 1326 684621 10 10 11035 14999 1 11035 7499 11035 172 10
20 480920718
17550 737642 84113 6 6 458 2 28 340 340 17550 135767 297746 28 84113 340 145 458 340 84113
20 9438632328
967464 84748 140 84748 38064 827736 84131 1002897 392 17 84748 140 17 84748 17 549562 348917 1 24 176
