11
300 152550498895
806083 1 4 1 241 581933 288230 15908 572929 28822 36370 1061 968154 329959 896971 254543 2 35 15 7 74026 290966 568 4 9092 9092 8493 379198 8783 899730 367 687179 781350 4376 3 1207 17 351826 115291 94148 1061 1136 753188 4036 1 825068 9092 31 3 11 16987 591 33975 290966 7 290966 94148 7 274539 142 141767 252 72741 506928 252 548 457801 979402 516687 1 7 581933 1 79 664084 9092 4 732922 123471 967301 296283 915603 3 487694 72741 8 365037 1 1 9092 135903 15609 1988 35 439146 992259 2 880801 437862 788178 581933 825351 581933 93830 25167 474651 643544 1028047 9092 25167 254543 25167 678558 20221 290966 123471 754133 67951 23537 17 77304 18 17 15 1 13 1 1041071 244317 581933 209372 198678 254543 36370 2415 9092 3 290966 15 486915 115291 3977 133158 1009316 230583 3576 57935 57225 3 123471 337514 97828 154609 591 3 946854 602 995625 691524 6114 699362 591 36370 796095 3 961396 1003826 7 338405 984925 36370 7 662389 2 298986 8783 9092 516687 64585 35 73 3 1136 8 4 781635 36370 922335 72741 7 767986 24 16 8783 147 427467 195657 1 11 887327 51448 3 873799 114450 3 8783 1988 994 7205 7 382 14483 516687 290966 359592 1 565622 3 7 497 4036 8 591 79 853361 79 248 334114 99511 759626 8783 196 254543 36370 798437 1009768 151295 16987 395650 95 228900 15 3 9092 900960 4 1554 664873 57935 36 37886 1 894 11 1 123471 8783 6 768568 16146 16987 67951 1 27 643358 72741 24 9092 421938 839442 12228 815088 543614 515418 782631 36370 504 8783 759542 4 22 299497 346292 621152 591 3 15 15 581933 72741 226 651808 9092 406347 36370 123471 290966 178459 62 594201
20 429027137614763
43147 13227 13227 42 4 43147 803218 2 180388 2696 2696 13227 2696 399562 427 882674 2250 43147 13227 2696
20 1214987109
7013 1 907494 4 3 108 5046 1 1458 134 1 459148 9227 736101 7013 201283 1 736101 68259 932455
20 133000063471
4007 61 599415 448467 15285 61 61 1981 1 125423 851384 111 111 61 61 125423 1981 61 495403 111
20 63023140038795
7336 5 59531 14075 969509 438831 1 947086 63482 59531 1 4 518283 568011 584059 59531 939117 4 11 667281
20 1550119088
643865 12464 176 3 323760 5 1 323760 1 15 115840 140 380734 396 717910 12464 1 232606 7212 5
20 41890681881475
624219 185300 205 312109 90 624219 32 183 164739 312109 5148 472707 634887 551206 311782 624219 131 1667 131 962431
20 221177595451
115 99085 1035665 1035665 205 1035665 3 1595 671823 712 712 1595 105465 105465 1035665 712 19 472646 105465 1035665
20 32692260814
15588 15588 206 338501 7 7247 7247 14 790253 15588 1948 1 740210 640252 545658 206 640252 7247 647604 29297
20 95246064
11626 11626 13 5467 11626 181 87792 21871 16 229495 171929 16 16 1 16 11626 8 181 2 181
20 2076127105592
214600 989974 184862 23090 989974 123746 214600 8 989974 960328 989974 14 71971 71971 696091 249296 8 227 725302 268292
