140 8 95
94 158 122 239 249 57 253 93 107 117 225 159 54 75 231 127 101 115 236 209 172 76 242 175 238 255 215 213 79 162 230 119 93 253 111 218 63 121 110 103 214 254 13 10 255 87 227 233 255 55 226 67 219 69 221 125 14 211 173 15 79 123 61 106 248 254 226 18 210 130 134 245 247 121 38 109 119 153 252 100 126 49 82 166 120 113 250 234 152 233 171 158 255 126 183 127 253 54 87 156 107 191 198 199 127 116 127 54 242 252 149 231 239 240 142 204 109 121 53 183 207 173 150 30 122 131 216 51 218 177 31 122 117 39 213 149 209 197 206 35
8 2
128 2
3 3
6 3
9 3
10 3
12 3
20 3
24 3
36 3
66 3
68 3
80 3
96 3
132 3
144 3
160 3
22 4
37 4
44 4
52 4
67 4
69 4
70 4
81 4
84 4
88 4
97 4
131 4
134 4
138 4
176 4
194 4
196 4
29 5
39 5
46 5
53 5
71 5
77 5
83 5
86 5
90 5
101 5
108 5
116 5
150 5
153 5
163 5
184 5
202 5
204 5
225 5
226 5
232 5
240 5
55 6
59 6
62 6
87 6
94 6
103 6
107 6
109 6
117 6
118 6
143 6
151 6
155 6
157 6
173 6
181 6
199 6
206 6
211 6
213 6
214 6
227 6
230 6
242 6
248 6
63 7
111 7
119 7
123 7
187 7
189 7
190 7
215 7
237 7
246 7
252 7
239 8
251 8
254 8
