19 10
1000 327
3 6 9 12 15 18 21 24 27 30 33 36 39 42 45 48 51 54 57 60 63 67 70 73 76 79 82 85 88 91 94 97 100 103 106 109 113 116 119 122 125 128 131 134 137 141 144 147 150 153 156 159 162 165 168 171 174 177 180 183 186 190 193 196 199 202 205 208 211 214 217 220 223 226 229 232 235 238 241 244 247 250 253 257 260 263 266 269 272 275 278 281 284 288 291 294 297 300 303 306 309 312 315 318 321 324 327 330 333 336 339 342 345 348 351 354 357 361 364 367 370 373 376 379 382 385 388 391 394 397 400 403 406 409 412 415 419 422 425 428 431 434 437 440 443 446 449 452 455 459 462 465 468 471 474 477 480 483 486 489 492 495 498 501 504 507 510 513 516 519 522 526 529 532 535 538 541 544 547 550 553 556 559 562 565 568 572 575 578 581 584 587 590 593 596 599 602 605 608 611 614 617 620 624 627 630 633 636 639 642 645 648 651 654 657 660 663 666 669 672 675 679 682 685 688 691 694 697 700 703 706 709 712 715 718 721 724 728 731 734 737 740 743 746 749 752 755 758 761 764 767 770 773 776 779 782 785 788 791 794 797 801 804 807 810 813 816 819 822 825 828 831 834 837 840 843 846 850 853 856 859 862 865 868 871 874 877 881 884 887 890 893 896 899 902 905 908 911 914 917 920 923 926 929 932 935 938 941 944 946 951 953 956 959 962 966 969 972 975 978 980 984 986 989 992 995 999
2 5 9 12 15 17 21 24 26 30 33 36 39 42 45 48 51 54 58 60 63 65 70 72 76 79 82 85 88 90 94 97 100 102 106 108 111 116 118 121 125 127 130 133 136 139 143 146 149 152 155 159 161 164 168 171 174 176 179 183 186 188 192 195 198 201 204 207 210 213 216 219 223 226 229 231 235 238 240 244 246 249 252 255 259 262 266 268 271 274 277 280 283 286 290 293 296 299 302 306 309 311 314 317 320 323 326 329 333 336 339 342 344 347 351 354 357 359 363 366 370 373 375 378 382 385 387 390 394 396 400 403 405 409 411 415 417 421 424 427 430 433 436 439 443 446 449 452 455 457 462 464 467 471 474 476 479 482 485 489 492 495 497 500 503 506 509 513 516 518 522 524 528 531 534 537 541 544 547 549 552 555 559 562 565 567 570 574 577 580 583 586 589 592 595 598 601 604 608 610 614 617 619 622 626 629 633 635 639 641 645 647 652 654 656 659 663 666 669 672 674 677 681 685 687 691 694 696 699 703 706 708 711 714 718 720 724 726 731 734 736 740 742 746 748 752 754 758 761 764 767 770 772 776 779 782 784 787 791 794 796 799 804 806 809 812 815 819 821 824 827 831 833 836 840 843 846 848 852 856 858 861 865 867 871 873 876 879 883 886 889 893 895 898 901 904 908 911 914 917 920 922 926 929 931 936 938 941 943 946 951 953 956 959 962 966 969 972 975 978 980 984 986 989 992 995 999
1000 400
1 3 5 7 9 11 13 15 17 19 21 23 25 27 29 31 33 35 37 39 41 43 45 47 49 51 53 55 57 59 61 63 65 67 69 71 73 75 77 79 81 83 85 87 89 91 93 95 97 99 101 103 105 107 109 111 113 115 117 119 121 123 125 127 129 131 133 135 137 139 141 143 145 147 149 151 153 155 157 159 161 163 165 167 169 171 173 175 177 179 181 183 185 187 189 191 193 195 197 199 201 203 205 207 209 211 213 215 217 219 221 223 225 227 229 231 233 235 237 239 241 243 245 247 249 251 253 255 257 259 261 263 265 267 269 271 273 275 277 279 281 283 285 287 289 291 293 295 297 299 301 303 305 307 309 311 313 315 317 319 321 323 325 327 329 331 333 335 337 339 341 343 345 347 349 351 353 355 357 359 361 363 365 367 369 371 373 375 377 379 381 383 385 387 389 391 393 395 397 399 401 403 405 407 409 411 413 415 417 419 421 423 425 427 429 431 433 435 437 439 441 443 445 447 449 451 453 455 457 459 461 463 465 467 469 471 473 475 477 479 481 483 485 487 489 491 493 495 497 499 501 503 505 507 509 511 513 515 517 519 521 523 525 527 529 531 533 535 537 539 541 543 545 547 549 551 553 555 557 559 561 563 565 567 569 571 573 575 577 579 581 583 585 587 589 591 593 595 597 599 601 603 605 607 609 611 613 615 617 619 621 623 625 627 629 631 633 635 637 639 641 643 645 647 649 651 653 655 657 659 661 663 665 667 669 671 673 675 677 679 681 683 685 687 689 691 693 695 697 699 701 703 705 707 709 711 713 715 717 719 721 723 725 727 729 731 733 735 737 739 741 743 745 747 749 751 753 755 757 759 761 763 765 767 769 771 773 775 777 779 781 783 785 787 789 791 793 795 797 799
601 602 603 604 605 606 607 608 609 610 611 612 613 614 615 616 617 618 619 620 621 622 623 624 625 626 627 628 629 630 631 632 633 634 635 636 637 638 639 640 641 642 643 644 645 646 647 648 649 650 651 652 653 654 655 656 657 658 659 660 661 662 663 664 665 666 667 668 669 670 671 672 673 674 675 676 677 678 679 680 681 682 683 684 685 686 687 688 689 690 691 692 693 694 695 696 697 698 699 700 701 702 703 704 705 706 707 708 709 710 711 712 713 714 715 716 717 718 719 720 721 722 723 724 725 726 727 728 729 730 731 732 733 734 735 736 737 738 739 740 741 742 743 744 745 746 747 748 749 750 751 752 753 754 755 756 757 758 759 760 761 762 763 764 765 766 767 768 769 770 771 772 773 774 775 776 777 778 779 780 781 782 783 784 785 786 787 788 789 790 791 792 793 794 795 796 797 798 799 800 801 802 803 804 805 806 807 808 809 810 811 812 813 814 815 816 817 818 819 820 821 822 823 824 825 826 827 828 829 830 831 832 833 834 835 836 837 838 839 840 841 842 843 844 845 846 847 848 849 850 851 852 853 854 855 856 857 858 859 860 861 862 863 864 865 866 867 868 869 870 871 872 873 874 875 876 877 878 879 880 881 882 883 884 885 886 887 888 889 890 891 892 893 894 895 896 897 898 899 900 901 902 903 904 905 906 907 908 909 910 911 912 913 914 915 916 917 918 919 920 921 922 923 924 925 926 927 928 929 930 931 932 933 934 935 936 937 938 939 940 941 942 943 944 945 946 947 948 949 950 951 952 953 954 955 956 957 958 959 960 961 962 963 964 965 966 967 968 969 970 971 972 973 974 975 976 977 978 979 980 981 982 983 984 985 986 987 988 989 990 991 992 993 994 995 996 997 998 999 1000
1000 333
3 6 9 12 15 18 21 24 27 30 33 36 39 42 45 48 51 54 57 60 63 66 69 72 75 78 81 84 87 90 93 96 99 102 105 108 111 114 117 120 123 126 129 132 135 138 141 144 147 150 153 156 159 162 165 168 171 174 177 180 183 186 189 192 195 198 201 204 207 210 213 216 219 222 225 228 231 234 237 240 243 246 249 252 255 258 261 264 267 270 273 276 279 282 285 288 291 294 297 300 303 306 309 312 315 318 321 324 327 330 333 336 339 342 345 348 351 354 357 360 363 366 369 372 375 378 381 384 387 390 393 396 399 402 405 408 411 414 417 420 423 426 429 432 435 438 441 444 447 450 453 456 459 462 465 468 471 474 477 480 483 486 489 492 495 498 501 504 507 510 513 516 519 522 525 528 531 534 537 540 543 546 549 552 555 558 561 564 567 570 573 576 579 582 585 588 591 594 597 600 603 606 609 612 615 618 621 624 627 630 633 636 639 642 645 648 651 654 657 660 663 666 669 672 675 678 681 684 687 690 693 696 699 702 705 708 711 714 717 720 723 726 729 732 735 738 741 744 747 750 753 756 759 762 765 768 771 774 777 780 783 786 789 792 795 798 801 804 807 810 813 816 819 822 825 828 831 834 837 840 843 846 849 852 855 858 861 864 867 870 873 876 879 882 885 888 891 894 897 900 903 906 909 912 915 918 921 924 927 930 933 936 939 942 945 948 951 954 957 960 963 966 969 972 975 978 981 984 987 990 993 996 999
1 2 3 4 5 6 7 8 9 10 11 12 13 14 15 16 17 18 19 20 21 22 23 24 25 26 27 28 29 30 31 32 33 34 35 36 37 38 39 40 41 42 43 44 45 46 47 48 49 50 51 52 53 54 55 56 57 58 59 60 61 62 63 64 65 66 67 68 69 70 71 72 73 74 75 76 77 78 79 80 81 82 83 84 85 86 87 88 89 90 91 92 93 94 95 96 97 98 99 100 101 102 103 104 105 106 107 108 109 110 111 112 113 114 115 116 117 118 119 120 121 122 123 124 125 126 127 128 129 130 131 132 133 134 135 136 137 138 139 140 141 142 143 144 145 146 147 148 149 150 151 152 153 154 155 156 157 158 159 160 161 162 163 164 165 166 167 168 169 170 171 172 173 174 175 176 177 178 179 180 181 182 183 184 185 186 187 188 189 190 191 192 193 194 195 196 197 198 199 200 201 202 203 204 205 206 207 208 209 210 211 212 213 214 215 216 217 218 219 220 221 222 223 224 225 226 227 228 229 230 231 232 233 234 235 236 237 238 239 240 241 242 243 244 245 246 247 248 249 250 251 252 253 254 255 256 257 258 259 260 261 262 263 264 265 266 267 268 269 270 271 272 273 274 275 276 277 278 279 280 281 282 283 284 285 286 287 288 289 290 291 292 293 294 295 296 297 298 299 300 301 302 303 304 305 306 307 308 309 310 311 312 313 314 315 316 317 318 319 320 321 322 323 324 325 326 327 328 329 330 331 332 333
1000 332
335 336 337 338 339 340 341 342 343 344 345 346 347 348 349 350 351 352 353 354 355 356 357 358 359 360 361 362 363 364 365 366 367 368 369 370 371 372 373 374 375 376 377 378 379 380 381 382 383 384 385 386 387 388 389 390 391 392 393 394 395 396 397 398 399 400 401 402 403 404 405 406 407 408 409 410 411 412 413 414 415 416 417 418 419 420 421 422 423 424 425 426 427 428 429 430 431 432 433 434 435 436 437 438 439 440 441 442 443 444 445 446 447 448 449 450 451 452 453 454 455 456 457 458 459 460 461 462 463 464 465 466 467 468 469 470 471 472 473 474 475 476 477 478 479 480 481 482 483 484 485 486 487 488 489 490 491 492 493 494 495 496 497 498 499 500 501 502 503 504 505 506 507 508 509 510 511 512 513 514 515 516 517 518 519 520 521 522 523 524 525 526 527 528 529 530 531 532 533 534 535 536 537 538 539 540 541 542 543 544 545 546 547 548 549 550 551 552 553 554 555 556 557 558 559 560 561 562 563 564 565 566 567 568 569 570 571 572 573 574 575 576 577 578 579 580 581 582 583 584 585 586 587 588 589 590 591 592 593 594 595 596 597 598 599 600 601 602 603 604 605 606 607 608 609 610 611 612 613 614 615 616 617 618 619 620 621 622 623 624 625 626 627 628 629 630 631 632 633 634 635 636 637 638 639 640 641 642 643 644 645 646 647 648 649 650 651 652 653 654 655 656 657 658 659 660 661 662 663 664 665 666
4 7 10 13 16 19 22 25 28 31 34 37 40 43 46 49 52 55 58 61 64 67 70 73 76 79 82 85 88 91 94 97 100 103 106 109 112 115 118 121 124 127 130 133 136 139 142 145 148 151 154 157 160 163 166 169 172 175 178 181 184 187 190 193 196 199 202 205 208 211 214 217 220 223 226 229 232 235 238 241 244 247 250 253 256 259 262 265 268 271 274 277 280 283 286 289 292 295 298 301 304 307 310 313 316 319 322 325 328 331 334 337 340 343 346 349 352 355 358 361 364 367 370 373 376 379 382 385 388 391 394 397 400 403 406 409 412 415 418 421 424 427 430 433 436 439 442 445 448 451 454 457 460 463 466 469 472 475 478 481 484 487 490 493 496 499 502 505 508 511 514 517 520 523 526 529 532 535 538 541 544 547 550 553 556 559 562 565 568 571 574 577 580 583 586 589 592 595 598 601 604 607 610 613 616 619 622 625 628 631 634 637 640 643 646 649 652 655 658 661 664 667 670 673 676 679 682 685 688 691 694 697 700 703 706 709 712 715 718 721 724 727 730 733 736 739 742 745 748 751 754 757 760 763 766 769 772 775 778 781 784 787 790 793 796 799 802 805 808 811 814 817 820 823 826 829 832 835 838 841 844 847 850 853 856 859 862 865 868 871 874 877 880 883 886 889 892 895 898 901 904 907 910 913 916 919 922 925 928 931 934 937 940 943 946 949 952 955 958 961 964 967 970 973 976 979 982 985 988 991 994 997
1000 302
2 3 5 6 7 11 15 26 29 30 31 32 33 34 35 41 42 46 47 48 52 61 64 65 67 70 74 75 79 81 86 88 90 92 96 98 100 101 102 103 109 110 111 118 124 126 130 133 137 139 140 141 142 143 148 151 152 153 158 160 164 165 169 170 173 177 179 183 186 187 192 196 198 199 205 208 209 210 211 213 215 220 224 227 229 231 234 237 242 243 245 248 257 264 268 270 271 273 276 279 281 283 287 288 293 300 304 306 307 315 316 318 320 321 322 323 324 329 331 333 335 337 340 346 352 356 370 373 374 375 377 379 382 384 400 401 403 422 429 431 432 438 439 440 443 449 452 466 468 475 476 477 488 495 498 499 501 502 504 505 511 513 525 527 528 529 530 535 536 537 539 546 550 551 552 554 556 559 560 561 564 567 572 575 585 588 596 599 606 608 609 614 617 619 621 624 625 628 629 630 633 635 636 638 639 641 644 646 648 652 657 658 661 664 667 668 671 674 677 678 687 688 689 692 698 708 721 730 735 736 744 745 753 757 760 761 767 770 772 779 781 791 793 794 795 796 797 803 805 811 814 815 819 820 822 823 826 827 833 835 836 837 844 847 850 851 855 858 860 862 863 871 877 887 892 907 908 922 923 925 928 931 933 938 943 947 953 954 959 961 964 966 971 973 974 975 976 982 983 984 996 997
3 5 9 13 16 19 22 25 29 32 35 38 42 46 48 51 55 57 62 65 69 72 75 79 82 84 86 92 96 98 101 106 109 111 114 117 121 126 128 131 134 138 141 144 148 151 155 157 160 165 167 171 173 178 180 184 186 189 193 197 200 203 207 209 213 217 221 223 226 230 232 237 240 243 246 249 253 256 260 262 267 271 273 275 280 282 286 289 293 296 300 302 306 309 313 315 320 322 324 329 332 336 340 342 346 349 351 356 359 361 364 370 373 375 379 382 384 389 391 395 399 402 405 407 411 415 417 422 425 427 430 435 437 442 445 449 451 455 458 460 465 468 470 475 479 481 485 487 490 495 497 500 504 507 510 515 518 520 523 527 530 536 538 541 545 547 550 555 557 560 565 567 571 573 576 580 583 588 591 593 597 600 604 607 611 614 616 620 623 626 632 634 639 641 644 647 651 654 656 660 663 666 668 674 676 680 682 688 690 693 696 699 702 705 708 714 718 721 724 727 729 734 737 740 743 745 750 753 756 760 764 766 768 772 776 778 782 786 789 791 796 798 801 806 809 812 816 818 822 824 830 833 836 839 842 845 851 853 857 859 862 866 868 872 876 878 882 885 890 892 895 898 903 905 908 912 915 919 922 925 928 931 936 938 943 945 950 953 956 958 962 966 969 972 975 979 982 985 988 991 994 999
1000 400
1 3 5 6 9 10 11 12 15 17 19 22 25 26 27 31 34 35 39 40 41 45 50 51 52 53 55 56 68 72 78 79 80 82 83 84 85 87 92 94 96 97 99 100 102 103 105 106 112 113 121 122 124 125 126 128 130 132 133 135 136 138 140 143 144 147 148 149 151 152 154 161 162 163 164 165 171 178 182 183 186 191 193 199 202 205 206 207 212 213 219 222 223 228 230 231 232 238 243 247 253 262 263 265 266 271 274 275 278 283 291 294 297 299 302 303 309 311 313 317 318 319 320 321 325 329 331 334 335 337 340 343 344 345 346 348 349 350 359 362 365 368 371 373 377 381 383 385 386 387 395 398 400 402 405 406 407 409 411 412 413 419 420 426 427 428 429 432 434 435 444 446 453 454 456 457 459 464 468 473 474 475 477 482 483 484 485 486 487 489 490 491 492 498 499 500 502 507 509 510 511 513 518 520 521 523 528 534 537 539 541 542 545 546 547 548 550 551 552 554 558 559 561 563 566 572 573 574 576 580 582 590 593 594 596 598 599 600 603 609 611 613 615 617 620 621 622 625 626 627 636 637 642 645 647 648 650 651 654 655 661 662 663 664 665 666 670 672 677 680 684 687 689 690 691 692 693 694 695 696 698 700 701 703 705 707 708 709 717 718 720 722 723 726 732 738 741 742 743 744 745 748 756 760 767 768 771 774 778 779 780 781 783 785 789 792 798 800 807 808 809 810 813 816 827 829 832 836 838 839 841 842 847 850 851 852 853 855 856 857 859 862 863 867 872 873 874 875 880 881 882 883 884 886 890 891 892 893 896 899 900 901 904 906 907 908 909 910 917 918 923 924 928 929 936 938 941 942 943 945 947 948 949 951 954 959 965 967 970 971 975 976 977 986 991 992 995 996 998 1000
1 3 5 6 9 10 11 12 15 17 19 22 25 26 28 31 33 36 38 40 43 45 48 51 54 57 60 63 66 69 72 75 78 81 83 84 85 88 91 94 96 97 99 100 102 103 106 109 112 115 118 120 123 125 126 128 130 132 133 135 136 138 140 143 144 147 150 153 156 159 162 165 168 171 174 177 180 183 186 189 192 195 198 201 204 207 210 213 215 218 221 224 227 230 233 236 239 242 245 248 251 254 257 260 263 266 269 272 275 278 281 284 287 290 293 296 299 302 305 308 311 314 317 320 323 326 329 332 335 337 340 343 344 345 346 349 352 355 358 361 364 367 370 373 376 379 382 385 388 390 393 396 399 402 405 406 407 409 411 412 415 418 421 424 427 428 431 434 437 440 443 446 449 452 455 458 461 464 467 469 472 475 478 481 483 484 485 486 487 489 490 491 494 496 499 500 503 506 509 510 511 514 517 520 523 526 529 532 535 538 540 542 545 546 547 548 550 551 552 555 557 559 561 564 567 570 573 576 578 581 584 587 590 593 596 598 599 602 604 607 610 613 615 617 620 621 623 625 628 631 634 637 640 643 646 648 650 651 654 657 659 662 663 664 665 668 671 674 677 680 682 685 688 690 691 692 693 694 695 696 698 700 701 703 705 707 709 712 715 718 721 724 727 730 733 736 739 742 745 747 750 753 756 759 762 765 768 771 774 777 780 783 786 789 792 795 798 801 804 807 810 813 816 819 822 825 828 831 834 837 840 843 846 849 851 852 853 855 856 857 859 862 865 867 870 873 874 876 879 881 882 883 884 887 889 891 892 893 896 899 900 901 904 906 907 908 910 913 916 919 922 925 928 931 934 936 939 942 943 945 947 948 951 954 957 960 963 966 969 972 975 978 981 984 987 990 992 995 998 1000
64 41
2 3 4 6 7 8 10 11 13 15 18 19 21 22 23 26 28 29 30 31 34 36 37 38 39 41 45 46 48 49 50 51 52 53 54 57 58 60 61 62 63
1 2 4 5 6 7 9 10 11 13 15 16 18 19 21 22 23 24 26 27 29 30 33 35 36 37 38 39 41 44 45 46 49 50 52 53 55 57 59 63 64
1000 200
1 2 3 4 5 6 7 8 9 10 11 12 13 14 15 16 17 18 19 20 21 22 23 24 25 26 27 28 29 30 31 32 33 34 35 36 37 38 39 40 41 42 43 44 45 46 47 48 49 50 51 52 53 54 55 56 57 58 59 60 61 62 63 64 65 66 67 68 69 70 71 72 73 74 75 76 77 78 79 80 81 82 83 84 85 86 87 88 89 90 91 92 93 94 95 96 97 98 99 100 101 102 103 104 105 106 107 108 109 110 111 112 113 114 115 116 117 118 119 120 121 122 123 124 125 126 127 128 129 130 131 132 133 134 135 136 137 138 139 140 141 142 143 144 145 146 147 148 149 150 151 152 153 154 155 156 157 158 159 160 161 162 163 164 165 166 167 168 169 170 171 172 173 174 175 176 177 178 179 180 181 182 183 184 185 186 187 188 189 190 191 192 193 194 195 196 197 198 199 200
402 405 408 411 414 417 420 423 426 429 432 435 438 441 444 447 450 453 456 459 462 465 468 471 474 477 480 483 486 489 492 495 498 501 504 507 510 513 516 519 522 525 528 531 534 537 540 543 546 549 552 555 558 561 564 567 570 573 576 579 582 585 588 591 594 597 600 603 606 609 612 615 618 621 624 627 630 633 636 639 642 645 648 651 654 657 660 663 666 669 672 675 678 681 684 687 690 693 696 699 702 705 708 711 714 717 720 723 726 729 732 735 738 741 744 747 750 753 756 759 762 765 768 771 774 777 780 783 786 789 792 795 798 801 804 807 810 813 816 819 822 825 828 831 834 837 840 843 846 849 852 855 858 861 864 867 870 873 876 879 882 885 888 891 894 897 900 903 906 909 912 915 918 921 924 927 930 933 936 939 942 945 948 951 954 957 960 963 966 969 972 975 978 981 984 987 990 993 996 999
1000 400
601 602 603 604 605 606 607 608 609 610 611 612 613 614 615 616 617 618 619 620 621 622 623 624 625 626 627 628 629 630 631 632 633 634 635 636 637 638 639 640 641 642 643 644 645 646 647 648 649 650 651 652 653 654 655 656 657 658 659 660 661 662 663 664 665 666 667 668 669 670 671 672 673 674 675 676 677 678 679 680 681 682 683 684 685 686 687 688 689 690 691 692 693 694 695 696 697 698 699 700 701 702 703 704 705 706 707 708 709 710 711 712 713 714 715 716 717 718 719 720 721 722 723 724 725 726 727 728 729 730 731 732 733 734 735 736 737 738 739 740 741 742 743 744 745 746 747 748 749 750 751 752 753 754 755 756 757 758 759 760 761 762 763 764 765 766 767 768 769 770 771 772 773 774 775 776 777 778 779 780 781 782 783 784 785 786 787 788 789 790 791 792 793 794 795 796 797 798 799 800 801 802 803 804 805 806 807 808 809 810 811 812 813 814 815 816 817 818 819 820 821 822 823 824 825 826 827 828 829 830 831 832 833 834 835 836 837 838 839 840 841 842 843 844 845 846 847 848 849 850 851 852 853 854 855 856 857 858 859 860 861 862 863 864 865 866 867 868 869 870 871 872 873 874 875 876 877 878 879 880 881 882 883 884 885 886 887 888 889 890 891 892 893 894 895 896 897 898 899 900 901 902 903 904 905 906 907 908 909 910 911 912 913 914 915 916 917 918 919 920 921 922 923 924 925 926 927 928 929 930 931 932 933 934 935 936 937 938 939 940 941 942 943 944 945 946 947 948 949 950 951 952 953 954 955 956 957 958 959 960 961 962 963 964 965 966 967 968 969 970 971 972 973 974 975 976 977 978 979 980 981 982 983 984 985 986 987 988 989 990 991 992 993 994 995 996 997 998 999 1000
1 3 5 7 9 11 13 15 17 19 21 23 25 27 29 31 33 35 37 39 41 43 45 47 49 51 53 55 57 59 61 63 65 67 69 71 73 75 77 79 81 83 85 87 89 91 93 95 97 99 101 103 105 107 109 111 113 115 117 119 121 123 125 127 129 131 133 135 137 139 141 143 145 147 149 151 153 155 157 159 161 163 165 167 169 171 173 175 177 179 181 183 185 187 189 191 193 195 197 199 201 203 205 207 209 211 213 215 217 219 221 223 225 227 229 231 233 235 237 239 241 243 245 247 249 251 253 255 257 259 261 263 265 267 269 271 273 275 277 279 281 283 285 287 289 291 293 295 297 299 301 303 305 307 309 311 313 315 317 319 321 323 325 327 329 331 333 335 337 339 341 343 345 347 349 351 353 355 357 359 361 363 365 367 369 371 373 375 377 379 381 383 385 387 389 391 393 395 397 399 401 403 405 407 409 411 413 415 417 419 421 423 425 427 429 431 433 435 437 439 441 443 445 447 449 451 453 455 457 459 461 463 465 467 469 471 473 475 477 479 481 483 485 487 489 491 493 495 497 499 501 503 505 507 509 511 513 515 517 519 521 523 525 527 529 531 533 535 537 539 541 543 545 547 549 551 553 555 557 559 561 563 565 567 569 571 573 575 577 579 581 583 585 587 589 591 593 595 597 599 601 603 605 607 609 611 613 615 617 619 621 623 625 627 629 631 633 635 637 639 641 643 645 647 649 651 653 655 657 659 661 663 665 667 669 671 673 675 677 679 681 683 685 687 689 691 693 695 697 699 701 703 705 707 709 711 713 715 717 719 721 723 725 727 729 731 733 735 737 739 741 743 745 747 749 751 753 755 757 759 761 763 765 767 769 771 773 775 777 779 781 783 785 787 789 791 793 795 797 799
1000 250
1 2 3 4 5 6 7 8 9 10 11 12 13 14 15 16 17 18 19 20 21 22 23 24 25 26 27 28 29 30 31 32 33 34 35 36 37 38 39 40 41 42 43 44 45 46 47 48 49 50 51 52 53 54 55 56 57 58 59 60 61 62 63 64 65 66 67 68 69 70 71 72 73 74 75 76 77 78 79 80 81 82 83 84 85 86 87 88 89 90 91 92 93 94 95 96 97 98 99 100 101 102 103 104 105 106 107 108 109 110 111 112 113 114 115 116 117 118 119 120 121 122 123 124 125 126 127 128 129 130 131 132 133 134 135 136 137 138 139 140 141 142 143 144 145 146 147 148 149 150 151 152 153 154 155 156 157 158 159 160 161 162 163 164 165 166 167 168 169 170 171 172 173 174 175 176 177 178 179 180 181 182 183 184 185 186 187 188 189 190 191 192 193 194 195 196 197 198 199 200 201 202 203 204 205 206 207 208 209 210 211 212 213 214 215 216 217 218 219 220 221 222 223 224 225 226 227 228 229 230 231 232 233 234 235 236 237 238 239 240 241 242 243 244 245 246 247 248 249 250
252 255 258 261 264 267 270 273 276 279 282 285 288 291 294 297 300 303 306 309 312 315 318 321 324 327 330 333 336 339 342 345 348 351 354 357 360 363 366 369 372 375 378 381 384 387 390 393 396 399 402 405 408 411 414 417 420 423 426 429 432 435 438 441 444 447 450 453 456 459 462 465 468 471 474 477 480 483 486 489 492 495 498 501 504 507 510 513 516 519 522 525 528 531 534 537 540 543 546 549 552 555 558 561 564 567 570 573 576 579 582 585 588 591 594 597 600 603 606 609 612 615 618 621 624 627 630 633 636 639 642 645 648 651 654 657 660 663 666 669 672 675 678 681 684 687 690 693 696 699 702 705 708 711 714 717 720 723 726 729 732 735 738 741 744 747 750 753 756 759 762 765 768 771 774 777 780 783 786 789 792 795 798 801 804 807 810 813 816 819 822 825 828 831 834 837 840 843 846 849 852 855 858 861 864 867 870 873 876 879 882 885 888 891 894 897 900 903 906 909 912 915 918 921 924 927 930 933 936 939 942 945 948 951 954 957 960 963 966 969 972 975 978 981 984 987 990 993 996 999
