16 10
1000 330
2 7 9 12 14 16 17 22 28 33 36 42 45 47 48 49 51 52 56 57 59 65 66 67 71 72 75 77 78 79 82 84 85 93 95 96 97 104 105 106 111 112 118 120 121 123 124 125 126 127 128 138 143 145 149 153 154 155 156 157 159 160 161 163 164 166 167 169 171 174 179 180 186 187 195 197 198 199 202 203 207 210 214 216 220 221 222 223 224 229 230 232 233 236 237 242 257 258 260 264 268 269 273 279 281 283 284 285 287 288 290 291 293 294 295 296 299 301 302 307 309 312 313 316 320 321 322 324 327 338 339 341 345 349 351 356 360 363 367 368 369 375 377 381 385 394 395 396 398 400 406 414 415 419 423 424 429 432 434 439 447 456 458 459 461 463 464 465 467 468 472 474 477 481 484 485 489 494 497 502 503 504 513 516 521 522 524 530 534 535 536 545 547 550 551 556 557 564 566 568 569 573 582 585 596 600 603 605 606 607 617 627 628 636 637 638 642 652 656 665 668 669 670 671 672 675 676 677 679 680 683 691 694 704 706 711 712 715 716 728 730 733 735 736 739 743 744 745 746 753 763 764 765 766 772 776 778 783 784 786 787 789 794 795 796 797 799 800 801 807 815 816 824 827 829 830 832 833 836 839 843 844 845 848 853 855 859 869 872 873 874 876 878 881 883 884 887 888 891 893 894 895 899 902 903 909 915 916 926 932 933 936 938 940 946 955 957 963 968 969 973 979 982 984 985 986 989 992 994 998
3 6 8 12 14 18 21 24 26 30 32 35 38 41 45 48 50 53 57 60 62 65 68 71 74 78 81 83 86 89 93 96 99 102 105 108 110 114 116 120 122 127 130 132 135 139 141 144 147 150 154 157 159 163 165 168 172 175 177 181 184 187 190 192 196 198 201 205 208 211 214 216 220 223 225 228 233 235 238 242 244 248 250 254 256 260 263 265 269 271 274 277 281 283 287 289 293 297 299 301 304 307 310 314 316 320 323 326 330 332 335 338 342 344 348 351 353 356 360 363 365 368 372 375 377 380 384 387 389 392 396 398 402 405 408 411 414 416 421 424 426 430 432 435 438 441 444 447 451 453 457 459 463 465 469 473 475 477 480 484 487 490 493 496 498 502 504 509 511 514 517 520 523 525 530 533 536 539 541 544 548 551 553 557 560 562 564 568 572 575 578 580 583 586 589 593 595 599 601 605 608 611 613 616 620 623 627 629 632 636 638 641 644 647 651 653 656 660 663 665 669 671 674 677 681 684 687 690 692 695 699 702 704 708 711 715 717 721 723 726 728 732 736 738 741 744 747 750 754 757 759 763 765 768 771 775 778 781 783 786 789 793 796 799 802 804 808 811 814 817 820 824 827 829 832 835 839 841 844 847 851 854 858 860 862 866 868 871 874 877 881 884 887 889 893 896 898 902 905 909 912 914 918 921 924 926 930 932 935 938 941 945 948 950 953 957 960 962 966 968 971 975 978 981 983 987 989 992 996 999
200 50
151 152 153 154 155 156 157 158 159 160 161 162 163 164 165 166 167 168 169 170 171 172 173 174 175 176 177 178 179 180 181 182 183 184 185 186 187 188 189 190 191 192 193 194 195 196 197 198 199 200
4 7 10 13 16 19 22 25 28 31 34 37 40 43 46 49 52 55 58 61 64 67 70 73 76 79 82 85 88 91 94 97 100 103 106 109 112 115 118 121 124 127 130 133 136 139 142 145 148 151
76 4
28 30 61 65
53 63 66 71
1000 200
801 802 803 804 805 806 807 808 809 810 811 812 813 814 815 816 817 818 819 820 821 822 823 824 825 826 827 828 829 830 831 832 833 834 835 836 837 838 839 840 841 842 843 844 845 846 847 848 849 850 851 852 853 854 855 856 857 858 859 860 861 862 863 864 865 866 867 868 869 870 871 872 873 874 875 876 877 878 879 880 881 882 883 884 885 886 887 888 889 890 891 892 893 894 895 896 897 898 899 900 901 902 903 904 905 906 907 908 909 910 911 912 913 914 915 916 917 918 919 920 921 922 923 924 925 926 927 928 929 930 931 932 933 934 935 936 937 938 939 940 941 942 943 944 945 946 947 948 949 950 951 952 953 954 955 956 957 958 959 960 961 962 963 964 965 966 967 968 969 970 971 972 973 974 975 976 977 978 979 980 981 982 983 984 985 986 987 988 989 990 991 992 993 994 995 996 997 998 999 1000
1 4 7 10 13 16 19 22 25 28 31 34 37 40 43 46 49 52 55 58 61 64 67 70 73 76 79 82 85 88 91 94 97 100 103 106 109 112 115 118 121 124 127 130 133 136 139 142 145 148 151 154 157 160 163 166 169 172 175 178 181 184 187 190 193 196 199 202 205 208 211 214 217 220 223 226 229 232 235 238 241 244 247 250 253 256 259 262 265 268 271 274 277 280 283 286 289 292 295 298 301 304 307 310 313 316 319 322 325 328 331 334 337 340 343 346 349 352 355 358 361 364 367 370 373 376 379 382 385 388 391 394 397 400 403 406 409 412 415 418 421 424 427 430 433 436 439 442 445 448 451 454 457 460 463 466 469 472 475 478 481 484 487 490 493 496 499 502 505 508 511 514 517 520 523 526 529 532 535 538 541 544 547 550 553 556 559 562 565 568 571 574 577 580 583 586 589 592 595 598
1000 363
1 5 10 11 12 16 19 21 25 28 29 30 31 32 34 35 39 47 48 49 50 51 57 60 61 64 65 70 73 76 77 80 82 83 87 89 90 91 95 99 103 117 119 120 121 122 125 126 127 130 136 137 141 144 152 153 156 161 164 167 168 172 181 182 183 185 186 187 190 194 195 197 199 200 203 206 207 208 209 215 216 221 223 226 228 232 237 238 239 244 245 253 255 259 264 266 269 272 273 275 276 277 278 280 282 287 288 290 294 301 306 308 309 312 313 316 317 320 325 327 335 340 341 342 346 352 355 356 357 358 359 364 366 368 370 372 373 374 375 378 379 380 383 385 396 399 401 403 404 406 407 410 411 414 418 422 425 426 427 428 430 432 434 435 436 437 438 439 440 443 445 447 448 451 452 454 457 463 466 471 476 479 484 485 486 489 494 496 506 508 511 515 521 524 526 527 531 533 535 536 537 539 540 541 543 552 554 555 556 558 559 560 566 568 570 571 579 581 584 586 595 608 611 616 618 619 620 624 628 629 630 631 635 636 638 640 642 644 646 647 651 652 653 654 659 660 673 674 679 680 683 684 686 687 694 695 697 700 703 704 708 710 712 714 721 724 725 726 733 735 740 746 748 751 753 758 762 765 767 769 770 771 773 776 778 786 787 788 789 791 795 796 797 798 800 802 806 807 808 817 818 823 824 826 828 829 836 837 839 841 843 846 849 850 854 859 860 863 864 872 875 879 880 881 882 883 884 885 887 890 894 900 901 903 909 911 919 920 921 931 939 941 945 946 949 954 955 956 957 959 964 968 969 973 974 976 980 981 986 988 993 998 1000
2 5 8 11 13 16 19 22 24 27 29 30 31 32 35 38 41 43 46 49 50 53 56 59 61 64 67 70 72 75 78 81 84 87 89 92 95 98 101 104 107 110 113 116 119 122 125 128 131 134 137 140 143 146 149 152 155 158 161 164 167 170 173 176 179 182 185 188 190 193 195 197 199 200 203 206 207 210 212 215 218 221 224 227 230 233 236 239 242 245 248 251 254 257 260 263 266 269 272 275 276 277 279 282 285 288 291 294 297 300 303 306 309 312 315 318 321 324 327 330 332 335 338 341 344 347 350 353 356 358 360 363 366 368 370 372 373 374 375 378 381 384 386 389 392 395 398 401 404 406 407 410 412 415 418 421 424 426 427 428 430 432 434 435 436 437 438 439 441 444 447 450 453 456 459 462 465 468 471 474 477 480 483 486 489 492 495 498 501 504 507 510 513 516 519 522 525 528 531 534 536 539 542 545 548 551 554 557 560 563 566 569 572 575 578 581 584 587 590 593 596 599 602 605 608 611 613 616 619 622 625 628 631 634 637 640 642 644 646 648 651 654 657 659 662 665 668 671 674 677 680 683 686 689 692 695 698 701 704 707 710 713 716 719 722 725 728 731 734 737 740 743 745 748 751 754 757 760 763 766 769 771 774 777 780 783 786 788 789 792 794 796 797 798 800 803 806 809 812 815 817 820 823 826 828 831 834 837 839 841 844 846 849 852 855 858 861 864 867 870 873 876 879 882 885 888 891 894 897 900 903 906 909 912 915 918 921 924 927 930 933 936 939 942 945 948 951 954 957 960 963 966 969 972 975 978 981 984 987 990 993 996 999
1000 333
668 669 670 671 672 673 674 675 676 677 678 679 680 681 682 683 684 685 686 687 688 689 690 691 692 693 694 695 696 697 698 699 700 701 702 703 704 705 706 707 708 709 710 711 712 713 714 715 716 717 718 719 720 721 722 723 724 725 726 727 728 729 730 731 732 733 734 735 736 737 738 739 740 741 742 743 744 745 746 747 748 749 750 751 752 753 754 755 756 757 758 759 760 761 762 763 764 765 766 767 768 769 770 771 772 773 774 775 776 777 778 779 780 781 782 783 784 785 786 787 788 789 790 791 792 793 794 795 796 797 798 799 800 801 802 803 804 805 806 807 808 809 810 811 812 813 814 815 816 817 818 819 820 821 822 823 824 825 826 827 828 829 830 831 832 833 834 835 836 837 838 839 840 841 842 843 844 845 846 847 848 849 850 851 852 853 854 855 856 857 858 859 860 861 862 863 864 865 866 867 868 869 870 871 872 873 874 875 876 877 878 879 880 881 882 883 884 885 886 887 888 889 890 891 892 893 894 895 896 897 898 899 900 901 902 903 904 905 906 907 908 909 910 911 912 913 914 915 916 917 918 919 920 921 922 923 924 925 926 927 928 929 930 931 932 933 934 935 936 937 938 939 940 941 942 943 944 945 946 947 948 949 950 951 952 953 954 955 956 957 958 959 960 961 962 963 964 965 966 967 968 969 970 971 972 973 974 975 976 977 978 979 980 981 982 983 984 985 986 987 988 989 990 991 992 993 994 995 996 997 998 999 1000
2 5 8 11 14 17 20 23 26 29 32 35 38 41 44 47 50 53 56 59 62 65 68 71 74 77 80 83 86 89 92 95 98 101 104 107 110 113 116 119 122 125 128 131 134 137 140 143 146 149 152 155 158 161 164 167 170 173 176 179 182 185 188 191 194 197 200 203 206 209 212 215 218 221 224 227 230 233 236 239 242 245 248 251 254 257 260 263 266 269 272 275 278 281 284 287 290 293 296 299 302 305 308 311 314 317 320 323 326 329 332 335 338 341 344 347 350 353 356 359 362 365 368 371 374 377 380 383 386 389 392 395 398 401 404 407 410 413 416 419 422 425 428 431 434 437 440 443 446 449 452 455 458 461 464 467 470 473 476 479 482 485 488 491 494 497 500 503 506 509 512 515 518 521 524 527 530 533 536 539 542 545 548 551 554 557 560 563 566 569 572 575 578 581 584 587 590 593 596 599 602 605 608 611 614 617 620 623 626 629 632 635 638 641 644 647 650 653 656 659 662 665 668 671 674 677 680 683 686 689 692 695 698 701 704 707 710 713 716 719 722 725 728 731 734 737 740 743 746 749 752 755 758 761 764 767 770 773 776 779 782 785 788 791 794 797 800 803 806 809 812 815 818 821 824 827 830 833 836 839 842 845 848 851 854 857 860 863 866 869 872 875 878 881 884 887 890 893 896 899 902 905 908 911 914 917 920 923 926 929 932 935 938 941 944 947 950 953 956 959 962 965 968 971 974 977 980 983 986 989 992 995 998
2 2
1 2
1 2
1000 363
1 5 10 11 12 16 19 21 25 28 29 30 31 32 34 35 39 47 48 49 50 51 57 60 61 64 65 70 73 76 77 80 82 83 87 89 90 91 95 99 103 117 119 120 121 122 125 126 127 130 136 137 141 144 152 153 156 161 164 167 168 172 181 182 183 185 186 187 190 194 195 197 199 200 203 206 207 208 209 215 216 221 223 226 228 232 237 238 239 244 245 253 255 259 264 266 269 272 273 275 276 277 278 280 282 287 288 290 294 301 306 308 309 312 313 316 317 320 325 327 335 340 341 342 346 352 355 356 357 358 359 364 366 368 370 372 373 374 375 378 379 380 383 385 396 399 401 403 404 406 407 410 411 414 418 422 425 426 427 428 430 432 434 435 436 437 438 439 440 443 445 447 448 451 452 454 457 463 466 471 476 479 484 485 486 489 494 496 506 508 511 515 521 524 526 527 531 533 535 536 537 539 540 541 543 552 554 555 556 558 559 560 566 568 570 571 579 581 584 586 595 608 611 616 618 619 620 624 628 629 630 631 635 636 638 640 642 644 646 647 651 652 653 654 659 660 673 674 679 680 683 684 686 687 694 695 697 700 703 704 708 710 712 714 721 724 725 726 733 735 740 746 748 751 753 758 762 765 767 769 770 771 773 776 778 786 787 788 789 791 795 796 797 798 800 802 806 807 808 817 818 823 824 826 828 829 836 837 839 841 843 846 849 850 854 859 860 863 864 872 875 879 880 881 882 883 884 885 887 890 894 900 901 903 909 911 919 920 921 931 939 941 945 946 949 954 955 956 957 959 964 968 969 973 974 976 980 981 986 988 993 998 1000
2 5 8 10 13 16 19 22 24 27 29 30 31 32 35 38 41 43 46 49 50 53 56 59 61 64 67 70 73 75 78 81 84 87 89 92 95 98 101 104 107 110 113 116 119 122 125 128 131 134 137 140 143 146 149 152 155 158 161 164 167 170 173 176 178 182 185 188 191 193 195 197 199 201 204 206 207 209 212 215 218 221 224 227 230 233 236 239 241 245 248 251 254 257 260 263 266 269 272 275 276 277 279 282 286 288 292 294 297 301 304 306 309 312 315 318 321 324 327 330 333 335 338 341 344 346 350 353 356 358 360 363 366 368 370 372 373 374 375 378 381 383 386 389 392 395 398 401 404 406 407 410 413 415 418 421 424 426 427 428 430 432 434 435 436 437 438 439 441 444 447 450 453 456 459 462 465 468 471 474 477 480 483 486 489 492 495 498 501 504 507 510 513 517 519 522 524 528 531 534 536 539 542 545 548 551 554 557 560 563 566 569 572 575 578 581 584 587 589 593 596 599 603 605 608 611 613 616 619 622 625 628 631 634 637 640 642 644 646 648 651 654 657 659 662 664 668 671 674 677 680 683 686 689 692 695 698 701 704 707 710 713 715 719 721 726 728 731 733 737 741 743 745 748 751 754 757 760 763 766 769 771 774 777 780 783 786 788 789 792 794 796 797 798 800 803 806 810 812 815 817 820 823 826 829 832 834 837 839 841 844 846 848 852 855 858 861 864 867 870 873 876 879 882 885 888 891 894 897 900 903 906 908 912 915 918 921 924 927 930 933 936 939 942 945 948 951 954 957 960 963 966 969 972 975 979 981 984 987 989 993 996 999
1000 332
335 336 337 338 339 340 341 342 343 344 345 346 347 348 349 350 351 352 353 354 355 356 357 358 359 360 361 362 363 364 365 366 367 368 369 370 371 372 373 374 375 376 377 378 379 380 381 382 383 384 385 386 387 388 389 390 391 392 393 394 395 396 397 398 399 400 401 402 403 404 405 406 407 408 409 410 411 412 413 414 415 416 417 418 419 420 421 422 423 424 425 426 427 428 429 430 431 432 433 434 435 436 437 438 439 440 441 442 443 444 445 446 447 448 449 450 451 452 453 454 455 456 457 458 459 460 461 462 463 464 465 466 467 468 469 470 471 472 473 474 475 476 477 478 479 480 481 482 483 484 485 486 487 488 489 490 491 492 493 494 495 496 497 498 499 500 501 502 503 504 505 506 507 508 509 510 511 512 513 514 515 516 517 518 519 520 521 522 523 524 525 526 527 528 529 530 531 532 533 534 535 536 537 538 539 540 541 542 543 544 545 546 547 548 549 550 551 552 553 554 555 556 557 558 559 560 561 562 563 564 565 566 567 568 569 570 571 572 573 574 575 576 577 578 579 580 581 582 583 584 585 586 587 588 589 590 591 592 593 594 595 596 597 598 599 600 601 602 603 604 605 606 607 608 609 610 611 612 613 614 615 616 617 618 619 620 621 622 623 624 625 626 627 628 629 630 631 632 633 634 635 636 637 638 639 640 641 642 643 644 645 646 647 648 649 650 651 652 653 654 655 656 657 658 659 660 661 662 663 664 665 666
4 8 10 13 16 19 22 25 28 31 34 37 40 43 46 49 52 55 58 61 64 67 70 73 76 79 82 85 88 91 94 97 100 102 106 109 112 115 118 121 124 127 131 133 136 139 142 145 148 151 154 157 160 163 166 169 172 175 178 181 184 187 190 193 196 199 202 205 208 211 214 217 220 223 226 229 232 235 237 241 244 247 250 253 256 259 263 265 268 271 274 277 280 282 286 289 292 295 298 301 304 307 309 313 316 319 322 325 328 331 334 337 341 343 345 349 352 355 358 361 364 367 370 373 376 379 382 385 388 391 394 397 400 403 406 409 412 415 417 421 424 427 430 433 436 439 442 445 448 451 454 457 460 463 466 470 472 475 478 481 484 487 490 493 496 499 502 505 508 511 514 517 520 523 526 529 532 535 538 541 544 547 550 553 556 559 562 565 568 571 574 577 580 583 586 589 592 595 598 601 604 607 610 614 616 619 622 625 628 631 634 637 640 643 646 650 653 655 658 661 665 667 670 672 676 679 682 685 688 691 694 697 700 702 705 709 712 715 718 721 724 727 730 733 736 740 742 745 748 751 755 757 760 763 766 770 772 775 777 781 783 787 790 794 796 800 802 805 808 811 813 817 821 823 826 829 832 835 838 841 844 847 850 853 856 859 862 865 868 871 874 877 880 883 886 889 892 895 898 901 904 907 910 913 916 919 922 925 928 931 934 937 940 944 946 949 952 955 958 961 964 966 970 973 976 979 982 984 988 991 994 997
1000 1000
1 2 3 4 5 6 7 8 9 10 11 12 13 14 15 16 17 18 19 20 21 22 23 24 25 26 27 28 29 30 31 32 33 34 35 36 37 38 39 40 41 42 43 44 45 46 47 48 49 50 51 52 53 54 55 56 57 58 59 60 61 62 63 64 65 66 67 68 69 70 71 72 73 74 75 76 77 78 79 80 81 82 83 84 85 86 87 88 89 90 91 92 93 94 95 96 97 98 99 100 101 102 103 104 105 106 107 108 109 110 111 112 113 114 115 116 117 118 119 120 121 122 123 124 125 126 127 128 129 130 131 132 133 134 135 136 137 138 139 140 141 142 143 144 145 146 147 148 149 150 151 152 153 154 155 156 157 158 159 160 161 162 163 164 165 166 167 168 169 170 171 172 173 174 175 176 177 178 179 180 181 182 183 184 185 186 187 188 189 190 191 192 193 194 195 196 197 198 199 200 201 202 203 204 205 206 207 208 209 210 211 212 213 214 215 216 217 218 219 220 221 222 223 224 225 226 227 228 229 230 231 232 233 234 235 236 237 238 239 240 241 242 243 244 245 246 247 248 249 250 251 252 253 254 255 256 257 258 259 260 261 262 263 264 265 266 267 268 269 270 271 272 273 274 275 276 277 278 279 280 281 282 283 284 285 286 287 288 289 290 291 292 293 294 295 296 297 298 299 300 301 302 303 304 305 306 307 308 309 310 311 312 313 314 315 316 317 318 319 320 321 322 323 324 325 326 327 328 329 330 331 332 333 334 335 336 337 338 339 340 341 342 343 344 345 346 347 348 349 350 351 352 353 354 355 356 357 358 359 360 361 362 363 364 365 366 367 368 369 370 371 372 373 374 375 376 377 378 379 380 381 382 383 384 385 386 387 388 389 390 391 392 393 394 395 396 397 398 399 400 401 402 403 404 405 406 407 408 409 410 411 412 413 414 415 416 417 418 419 420 421 422 423 424 425 426 427 428 429 430 431 432 433 434 435 436 437 438 439 440 441 442 443 444 445 446 447 448 449 450 451 452 453 454 455 456 457 458 459 460 461 462 463 464 465 466 467 468 469 470 471 472 473 474 475 476 477 478 479 480 481 482 483 484 485 486 487 488 489 490 491 492 493 494 495 496 497 498 499 500 501 502 503 504 505 506 507 508 509 510 511 512 513 514 515 516 517 518 519 520 521 522 523 524 525 526 527 528 529 530 531 532 533 534 535 536 537 538 539 540 541 542 543 544 545 546 547 548 549 550 551 552 553 554 555 556 557 558 559 560 561 562 563 564 565 566 567 568 569 570 571 572 573 574 575 576 577 578 579 580 581 582 583 584 585 586 587 588 589 590 591 592 593 594 595 596 597 598 599 600 601 602 603 604 605 606 607 608 609 610 611 612 613 614 615 616 617 618 619 620 621 622 623 624 625 626 627 628 629 630 631 632 633 634 635 636 637 638 639 640 641 642 643 644 645 646 647 648 649 650 651 652 653 654 655 656 657 658 659 660 661 662 663 664 665 666 667 668 669 670 671 672 673 674 675 676 677 678 679 680 681 682 683 684 685 686 687 688 689 690 691 692 693 694 695 696 697 698 699 700 701 702 703 704 705 706 707 708 709 710 711 712 713 714 715 716 717 718 719 720 721 722 723 724 725 726 727 728 729 730 731 732 733 734 735 736 737 738 739 740 741 742 743 744 745 746 747 748 749 750 751 752 753 754 755 756 757 758 759 760 761 762 763 764 765 766 767 768 769 770 771 772 773 774 775 776 777 778 779 780 781 782 783 784 785 786 787 788 789 790 791 792 793 794 795 796 797 798 799 800 801 802 803 804 805 806 807 808 809 810 811 812 813 814 815 816 817 818 819 820 821 822 823 824 825 826 827 828 829 830 831 832 833 834 835 836 837 838 839 840 841 842 843 844 845 846 847 848 849 850 851 852 853 854 855 856 857 858 859 860 861 862 863 864 865 866 867 868 869 870 871 872 873 874 875 876 877 878 879 880 881 882 883 884 885 886 887 888 889 890 891 892 893 894 895 896 897 898 899 900 901 902 903 904 905 906 907 908 909 910 911 912 913 914 915 916 917 918 919 920 921 922 923 924 925 926 927 928 929 930 931 932 933 934 935 936 937 938 939 940 941 942 943 944 945 946 947 948 949 950 951 952 953 954 955 956 957 958 959 960 961 962 963 964 965 966 967 968 969 970 971 972 973 974 975 976 977 978 979 980 981 982 983 984 985 986 987 988 989 990 991 992 993 994 995 996 997 998 999 1000
1 2 3 4 5 6 7 8 9 10 11 12 13 14 15 16 17 18 19 20 21 22 23 24 25 26 27 28 29 30 31 32 33 34 35 36 37 38 39 40 41 42 43 44 45 46 47 48 49 50 51 52 53 54 55 56 57 58 59 60 61 62 63 64 65 66 67 68 69 70 71 72 73 74 75 76 77 78 79 80 81 82 83 84 85 86 87 88 89 90 91 92 93 94 95 96 97 98 99 100 101 102 103 104 105 106 107 108 109 110 111 112 113 114 115 116 117 118 119 120 121 122 123 124 125 126 127 128 129 130 131 132 133 134 135 136 137 138 139 140 141 142 143 144 145 146 147 148 149 150 151 152 153 154 155 156 157 158 159 160 161 162 163 164 165 166 167 168 169 170 171 172 173 174 175 176 177 178 179 180 181 182 183 184 185 186 187 188 189 190 191 192 193 194 195 196 197 198 199 200 201 202 203 204 205 206 207 208 209 210 211 212 213 214 215 216 217 218 219 220 221 222 223 224 225 226 227 228 229 230 231 232 233 234 235 236 237 238 239 240 241 242 243 244 245 246 247 248 249 250 251 252 253 254 255 256 257 258 259 260 261 262 263 264 265 266 267 268 269 270 271 272 273 274 275 276 277 278 279 280 281 282 283 284 285 286 287 288 289 290 291 292 293 294 295 296 297 298 299 300 301 302 303 304 305 306 307 308 309 310 311 312 313 314 315 316 317 318 319 320 321 322 323 324 325 326 327 328 329 330 331 332 333 334 335 336 337 338 339 340 341 342 343 344 345 346 347 348 349 350 351 352 353 354 355 356 357 358 359 360 361 362 363 364 365 366 367 368 369 370 371 372 373 374 375 376 377 378 379 380 381 382 383 384 385 386 387 388 389 390 391 392 393 394 395 396 397 398 399 400 401 402 403 404 405 406 407 408 409 410 411 412 413 414 415 416 417 418 419 420 421 422 423 424 425 426 427 428 429 430 431 432 433 434 435 436 437 438 439 440 441 442 443 444 445 446 447 448 449 450 451 452 453 454 455 456 457 458 459 460 461 462 463 464 465 466 467 468 469 470 471 472 473 474 475 476 477 478 479 480 481 482 483 484 485 486 487 488 489 490 491 492 493 494 495 496 497 498 499 500 501 502 503 504 505 506 507 508 509 510 511 512 513 514 515 516 517 518 519 520 521 522 523 524 525 526 527 528 529 530 531 532 533 534 535 536 537 538 539 540 541 542 543 544 545 546 547 548 549 550 551 552 553 554 555 556 557 558 559 560 561 562 563 564 565 566 567 568 569 570 571 572 573 574 575 576 577 578 579 580 581 582 583 584 585 586 587 588 589 590 591 592 593 594 595 596 597 598 599 600 601 602 603 604 605 606 607 608 609 610 611 612 613 614 615 616 617 618 619 620 621 622 623 624 625 626 627 628 629 630 631 632 633 634 635 636 637 638 639 640 641 642 643 644 645 646 647 648 649 650 651 652 653 654 655 656 657 658 659 660 661 662 663 664 665 666 667 668 669 670 671 672 673 674 675 676 677 678 679 680 681 682 683 684 685 686 687 688 689 690 691 692 693 694 695 696 697 698 699 700 701 702 703 704 705 706 707 708 709 710 711 712 713 714 715 716 717 718 719 720 721 722 723 724 725 726 727 728 729 730 731 732 733 734 735 736 737 738 739 740 741 742 743 744 745 746 747 748 749 750 751 752 753 754 755 756 757 758 759 760 761 762 763 764 765 766 767 768 769 770 771 772 773 774 775 776 777 778 779 780 781 782 783 784 785 786 787 788 789 790 791 792 793 794 795 796 797 798 799 800 801 802 803 804 805 806 807 808 809 810 811 812 813 814 815 816 817 818 819 820 821 822 823 824 825 826 827 828 829 830 831 832 833 834 835 836 837 838 839 840 841 842 843 844 845 846 847 848 849 850 851 852 853 854 855 856 857 858 859 860 861 862 863 864 865 866 867 868 869 870 871 872 873 874 875 876 877 878 879 880 881 882 883 884 885 886 887 888 889 890 891 892 893 894 895 896 897 898 899 900 901 902 903 904 905 906 907 908 909 910 911 912 913 914 915 916 917 918 919 920 921 922 923 924 925 926 927 928 929 930 931 932 933 934 935 936 937 938 939 940 941 942 943 944 945 946 947 948 949 950 951 952 953 954 955 956 957 958 959 960 961 962 963 964 965 966 967 968 969 970 971 972 973 974 975 976 977 978 979 980 981 982 983 984 985 986 987 988 989 990 991 992 993 994 995 996 997 998 999 1000
