14 10
1000 333
668 669 670 671 672 673 674 675 676 677 678 679 680 681 682 683 684 685 686 687 688 689 690 691 692 693 694 695 696 697 698 699 700 701 702 703 704 705 706 707 708 709 710 711 712 713 714 715 716 717 718 719 720 721 722 723 724 725 726 727 728 729 730 731 732 733 734 735 736 737 738 739 740 741 742 743 744 745 746 747 748 749 750 751 752 753 754 755 756 757 758 759 760 761 762 763 764 765 766 767 768 769 770 771 772 773 774 775 776 777 778 779 780 781 782 783 784 785 786 787 788 789 790 791 792 793 794 795 796 797 798 799 800 801 802 803 804 805 806 807 808 809 810 811 812 813 814 815 816 817 818 819 820 821 822 823 824 825 826 827 828 829 830 831 832 833 834 835 836 837 838 839 840 841 842 843 844 845 846 847 848 849 850 851 852 853 854 855 856 857 858 859 860 861 862 863 864 865 866 867 868 869 870 871 872 873 874 875 876 877 878 879 880 881 882 883 884 885 886 887 888 889 890 891 892 893 894 895 896 897 898 899 900 901 902 903 904 905 906 907 908 909 910 911 912 913 914 915 916 917 918 919 920 921 922 923 924 925 926 927 928 929 930 931 932 933 934 935 936 937 938 939 940 941 942 943 944 945 946 947 948 949 950 951 952 953 954 955 956 957 958 959 960 961 962 963 964 965 966 967 968 969 970 971 972 973 974 975 976 977 978 979 980 981 982 983 984 985 986 987 988 989 990 991 992 993 994 995 996 997 998 999 1000
2 5 8 11 14 17 20 23 26 29 32 35 38 41 44 47 50 53 56 59 62 65 68 71 74 77 80 83 86 89 92 95 98 101 104 107 110 113 116 119 122 125 128 131 134 137 140 143 146 149 152 155 158 161 164 167 170 173 176 179 182 185 188 191 194 197 200 203 206 209 212 215 218 221 224 227 230 233 236 239 242 245 248 251 254 257 260 263 266 269 272 275 278 281 284 287 290 293 296 299 302 305 308 311 314 317 320 323 326 329 332 335 338 341 344 347 350 353 356 359 362 365 368 371 374 377 380 383 386 389 392 395 398 401 404 407 410 413 416 419 422 425 428 431 434 437 440 443 446 449 452 455 458 461 464 467 470 473 476 479 482 485 488 491 494 497 500 503 506 509 512 515 518 521 524 527 530 533 536 539 542 545 548 551 554 557 560 563 566 569 572 575 578 581 584 587 590 593 596 599 602 605 608 611 614 617 620 623 626 629 632 635 638 641 644 647 650 653 656 659 662 665 668 671 674 677 680 683 686 689 692 695 698 701 704 707 710 713 716 719 722 725 728 731 734 737 740 743 746 749 752 755 758 761 764 767 770 773 776 779 782 785 788 791 794 797 800 803 806 809 812 815 818 821 824 827 830 833 836 839 842 845 848 851 854 857 860 863 866 869 872 875 878 881 884 887 890 893 896 899 902 905 908 911 914 917 920 923 926 929 932 935 938 941 944 947 950 953 956 959 962 965 968 971 974 977 980 983 986 989 992 995 998
1000 250
751 752 753 754 755 756 757 758 759 760 761 762 763 764 765 766 767 768 769 770 771 772 773 774 775 776 777 778 779 780 781 782 783 784 785 786 787 788 789 790 791 792 793 794 795 796 797 798 799 800 801 802 803 804 805 806 807 808 809 810 811 812 813 814 815 816 817 818 819 820 821 822 823 824 825 826 827 828 829 830 831 832 833 834 835 836 837 838 839 840 841 842 843 844 845 846 847 848 849 850 851 852 853 854 855 856 857 858 859 860 861 862 863 864 865 866 867 868 869 870 871 872 873 874 875 876 877 878 879 880 881 882 883 884 885 886 887 888 889 890 891 892 893 894 895 896 897 898 899 900 901 902 903 904 905 906 907 908 909 910 911 912 913 914 915 916 917 918 919 920 921 922 923 924 925 926 927 928 929 930 931 932 933 934 935 936 937 938 939 940 941 942 943 944 945 946 947 948 949 950 951 952 953 954 955 956 957 958 959 960 961 962 963 964 965 966 967 968 969 970 971 972 973 974 975 976 977 978 979 980 981 982 983 984 985 986 987 988 989 990 991 992 993 994 995 996 997 998 999 1000
4 7 10 13 16 19 22 25 28 31 34 37 40 43 46 49 52 55 58 61 64 67 70 73 76 79 82 85 88 91 94 97 100 103 106 109 112 115 118 121 124 127 130 133 136 139 142 145 148 151 154 157 160 163 166 169 172 175 178 181 184 187 190 193 196 199 202 205 208 211 214 217 220 223 226 229 232 235 238 241 244 247 250 253 256 259 262 265 268 271 274 277 280 283 286 289 292 295 298 301 304 307 310 313 316 319 322 325 328 331 334 337 340 343 346 349 352 355 358 361 364 367 370 373 376 379 382 385 388 391 394 397 400 403 406 409 412 415 418 421 424 427 430 433 436 439 442 445 448 451 454 457 460 463 466 469 472 475 478 481 484 487 490 493 496 499 502 505 508 511 514 517 520 523 526 529 532 535 538 541 544 547 550 553 556 559 562 565 568 571 574 577 580 583 586 589 592 595 598 601 604 607 610 613 616 619 622 625 628 631 634 637 640 643 646 649 652 655 658 661 664 667 670 673 676 679 682 685 688 691 694 697 700 703 706 709 712 715 718 721 724 727 730 733 736 739 742 745 748 751
1000 326
2 6 7 11 12 13 15 16 19 23 24 25 26 27 29 31 32 34 38 40 44 48 52 53 55 57 62 64 70 72 74 76 78 79 80 89 90 92 93 96 101 102 103 105 109 117 119 120 129 130 132 140 142 152 153 162 163 164 165 166 167 170 171 174 183 192 193 194 201 203 210 212 223 227 229 231 232 246 253 256 263 267 272 279 282 283 284 289 293 294 295 297 300 304 305 306 307 311 312 314 318 319 320 321 327 346 350 355 356 361 368 369 370 377 379 380 387 389 390 393 394 395 399 403 407 419 422 425 435 438 444 453 457 458 459 460 464 466 470 471 474 476 486 488 493 495 503 511 513 526 528 533 535 539 540 542 545 553 555 556 557 558 563 565 566 568 572 574 577 580 582 588 589 592 595 600 603 604 607 610 611 612 614 618 619 620 621 622 623 625 627 630 631 634 637 638 642 644 645 651 654 655 656 658 660 664 671 672 673 674 677 680 682 683 687 688 690 691 695 703 704 705 707 710 712 714 715 716 718 720 721 726 727 728 730 731 740 742 743 745 747 753 758 765 767 768 769 773 778 779 785 790 793 795 800 802 805 806 809 810 812 823 824 825 828 830 831 835 841 843 854 856 863 864 865 868 869 871 874 878 880 882 887 888 891 893 894 896 899 903 904 905 906 907 915 923 928 933 934 935 937 938 940 942 945 952 953 954 955 957 961 964 967 968 969 971 976 978 983 986 989 995 996 997 998 1000
2 5 8 11 15 17 21 24 27 30 32 37 40 43 45 48 51 55 57 60 63 67 69 72 75 79 81 85 88 92 94 97 101 103 106 110 112 116 118 121 125 128 131 134 137 140 143 146 149 152 157 159 162 165 169 171 175 177 181 183 186 189 193 195 198 202 205 208 212 215 218 220 223 227 229 233 236 238 242 245 247 250 254 256 260 263 266 268 271 274 279 282 284 288 290 294 297 299 303 305 309 312 315 319 321 325 327 330 334 336 339 343 346 350 352 355 358 361 364 367 370 374 377 380 383 386 388 392 394 398 400 405 408 410 414 416 419 422 426 429 431 435 437 441 444 448 451 454 456 459 463 465 468 471 474 478 481 484 487 490 493 496 499 503 505 508 512 514 518 521 523 526 529 532 536 539 542 545 548 551 554 557 561 564 566 570 572 576 580 582 585 588 591 594 598 601 603 606 609 613 616 619 621 625 628 631 634 637 640 643 647 649 653 656 659 662 665 668 670 673 676 681 684 687 690 692 696 699 701 704 707 711 714 716 719 723 726 729 733 736 739 742 744 748 750 754 756 760 763 766 769 772 774 778 781 784 787 790 793 796 800 802 806 809 811 815 818 821 824 826 829 832 835 840 843 845 849 851 855 858 860 863 866 870 874 877 879 883 886 888 892 895 897 900 904 906 909 913 916 920 922 925 928 932 934 937 940 943 947 950 953 956 958 962 965 969 971 975 978 981 984 987 990 992 996 998
1000 299
4 6 15 18 28 34 35 36 37 39 40 46 49 57 67 68 75 78 79 98 104 107 112 114 116 122 123 126 131 134 136 143 144 146 147 160 164 170 171 174 176 178 182 187 194 198 202 203 206 209 210 212 215 218 219 220 222 224 226 233 242 244 245 246 249 251 254 257 259 261 266 272 276 278 286 299 301 303 305 309 318 319 320 322 325 328 332 338 350 351 352 358 364 366 372 374 381 382 383 385 387 392 396 402 404 406 416 430 431 432 439 444 446 447 450 454 456 460 462 465 471 472 475 479 480 483 484 488 489 490 494 498 502 503 510 511 514 521 522 523 525 526 532 533 535 538 541 543 544 546 549 554 559 563 566 567 569 573 574 579 580 581 582 587 589 590 597 598 599 602 603 607 609 612 614 615 618 620 622 624 638 642 645 647 650 651 657 659 660 661 663 664 668 669 677 678 679 680 682 683 686 693 698 700 704 707 708 709 713 714 717 720 722 724 728 729 732 734 735 740 750 753 754 756 759 764 767 769 772 773 774 775 776 777 781 783 784 790 800 803 817 821 833 835 836 837 839 843 844 846 851 852 854 859 860 861 862 867 869 870 872 874 886 901 902 907 912 917 921 923 926 929 930 932 936 942 944 946 950 952 956 958 959 963 966 969 970 975 981 982 984 987 988 989 990 993 998 999 1000
2 5 10 13 15 18 23 27 29 33 36 40 42 47 50 53 56 60 63 66 70 73 76 78 83 86 89 94 97 100 104 107 110 113 118 120 124 127 131 133 138 140 143 147 151 153 158 160 164 167 170 173 177 180 185 187 191 193 197 201 204 207 210 213 218 221 223 227 230 234 237 241 244 248 250 254 258 262 264 268 271 274 279 281 284 288 291 294 298 301 305 307 311 315 317 321 325 327 333 336 338 342 344 347 351 354 359 361 365 369 371 374 378 381 384 388 391 395 399 401 405 408 411 414 418 423 426 428 432 435 438 443 445 448 451 454 460 462 465 468 472 475 478 482 484 488 493 495 499 501 505 508 511 516 519 523 526 530 533 535 539 542 546 548 551 555 559 563 566 569 572 576 579 582 585 588 593 595 598 603 605 610 613 615 619 622 624 629 632 635 640 642 647 649 653 655 660 663 666 670 672 677 679 683 685 689 692 695 698 703 706 709 713 715 720 722 725 728 732 735 738 743 746 749 753 756 758 763 766 768 772 776 779 781 786 788 794 796 800 803 805 810 813 816 818 823 825 828 831 837 839 842 846 849 852 857 859 862 865 868 872 876 879 882 887 889 893 896 899 903 905 909 913 916 920 922 925 930 933 935 939 941 946 948 952 956 959 963 966 969 972 975 979 983 986 988 991 995 998
1000 250
1 2 3 4 5 6 7 8 9 10 11 12 13 14 15 16 17 18 19 20 21 22 23 24 25 26 27 28 29 30 31 32 33 34 35 36 37 38 39 40 41 42 43 44 45 46 47 48 49 50 51 52 53 54 55 56 57 58 59 60 61 62 63 64 65 66 67 68 69 70 71 72 73 74 75 76 77 78 79 80 81 82 83 84 85 86 87 88 89 90 91 92 93 94 95 96 97 98 99 100 101 102 103 104 105 106 107 108 109 110 111 112 113 114 115 116 117 118 119 120 121 122 123 124 125 126 127 128 129 130 131 132 133 134 135 136 137 138 139 140 141 142 143 144 145 146 147 148 149 150 151 152 153 154 155 156 157 158 159 160 161 162 163 164 165 166 167 168 169 170 171 172 173 174 175 176 177 178 179 180 181 182 183 184 185 186 187 188 189 190 191 192 193 194 195 196 197 198 199 200 201 202 203 204 205 206 207 208 209 210 211 212 213 214 215 216 217 218 219 220 221 222 223 224 225 226 227 228 229 230 231 232 233 234 235 236 237 238 239 240 241 242 243 244 245 246 247 248 249 250
252 255 258 261 264 267 270 273 276 279 282 285 288 291 294 297 300 303 306 309 312 315 318 321 324 327 330 333 336 339 342 345 348 351 354 357 360 363 366 369 372 375 378 381 384 387 390 393 396 399 402 405 408 411 414 417 420 423 426 429 432 435 438 441 444 447 450 453 456 459 462 465 468 471 474 477 480 483 486 489 492 495 498 501 504 507 510 513 516 519 522 525 528 531 534 537 540 543 546 549 552 555 558 561 564 567 570 573 576 579 582 585 588 591 594 597 600 603 606 609 612 615 618 621 624 627 630 633 636 639 642 645 648 651 654 657 660 663 666 669 672 675 678 681 684 687 690 693 696 699 702 705 708 711 714 717 720 723 726 729 732 735 738 741 744 747 750 753 756 759 762 765 768 771 774 777 780 783 786 789 792 795 798 801 804 807 810 813 816 819 822 825 828 831 834 837 840 843 846 849 852 855 858 861 864 867 870 873 876 879 882 885 888 891 894 897 900 903 906 909 912 915 918 921 924 927 930 933 936 939 942 945 948 951 954 957 960 963 966 969 972 975 978 981 984 987 990 993 996 999
1000 250
1 2 3 4 5 6 7 8 9 10 11 12 13 14 15 16 17 18 19 20 21 22 23 24 25 26 27 28 29 30 31 32 33 34 35 36 37 38 39 40 41 42 43 44 45 46 47 48 49 50 51 52 53 54 55 56 57 58 59 60 61 62 63 64 65 66 67 68 69 70 71 72 73 74 75 76 77 78 79 80 81 82 83 84 85 86 87 88 89 90 91 92 93 94 95 96 97 98 99 100 101 102 103 104 105 106 107 108 109 110 111 112 113 114 115 116 117 118 119 120 121 122 123 124 125 126 127 128 129 130 131 132 133 134 135 136 137 138 139 140 141 142 143 144 145 146 147 148 149 150 151 152 153 154 155 156 157 158 159 160 161 162 163 164 165 166 167 168 169 170 171 172 173 174 175 176 177 178 179 180 181 182 183 184 185 186 187 188 189 190 191 192 193 194 195 196 197 198 199 200 201 202 203 204 205 206 207 208 209 210 211 212 213 214 215 216 217 218 219 220 221 222 223 224 225 226 227 228 229 230 231 232 233 234 235 236 237 238 239 240 241 242 243 244 245 246 247 248 249 250
250 253 256 259 262 265 268 271 274 277 280 283 286 289 292 295 298 301 304 307 310 313 316 319 322 325 328 331 334 337 340 343 346 349 352 355 358 361 364 367 370 373 376 379 382 385 388 391 394 397 400 403 406 409 412 415 418 421 424 427 430 433 436 439 442 445 448 451 454 457 460 463 466 469 472 475 478 481 484 487 490 493 496 499 502 505 508 511 514 517 520 523 526 529 532 535 538 541 544 547 550 553 556 559 562 565 568 571 574 577 580 583 586 589 592 595 598 601 604 607 610 613 616 619 622 625 628 631 634 637 640 643 646 649 652 655 658 661 664 667 670 673 676 679 682 685 688 691 694 697 700 703 706 709 712 715 718 721 724 727 730 733 736 739 742 745 748 751 754 757 760 763 766 769 772 775 778 781 784 787 790 793 796 799 802 805 808 811 814 817 820 823 826 829 832 835 838 841 844 847 850 853 856 859 862 865 868 871 874 877 880 883 886 889 892 895 898 901 904 907 910 913 916 919 922 925 928 931 934 937 940 943 946 949 952 955 958 961 964 967 970 973 976 979 982 985 988 991 994 997
1000 333
1 2 3 4 5 6 7 8 9 10 11 12 13 14 15 16 17 18 19 20 21 22 23 24 25 26 27 28 29 30 31 32 33 34 35 36 37 38 39 40 41 42 43 44 45 46 47 48 49 50 51 52 53 54 55 56 57 58 59 60 61 62 63 64 65 66 67 68 69 70 71 72 73 74 75 76 77 78 79 80 81 82 83 84 85 86 87 88 89 90 91 92 93 94 95 96 97 98 99 100 101 102 103 104 105 106 107 108 109 110 111 112 113 114 115 116 117 118 119 120 121 122 123 124 125 126 127 128 129 130 131 132 133 134 135 136 137 138 139 140 141 142 143 144 145 146 147 148 149 150 151 152 153 154 155 156 157 158 159 160 161 162 163 164 165 166 167 168 169 170 171 172 173 174 175 176 177 178 179 180 181 182 183 184 185 186 187 188 189 190 191 192 193 194 195 196 197 198 199 200 201 202 203 204 205 206 207 208 209 210 211 212 213 214 215 216 217 218 219 220 221 222 223 224 225 226 227 228 229 230 231 232 233 234 235 236 237 238 239 240 241 242 243 244 245 246 247 248 249 250 251 252 253 254 255 256 257 258 259 260 261 262 263 264 265 266 267 268 269 270 271 272 273 274 275 276 277 278 279 280 281 282 283 284 285 286 287 288 289 290 291 292 293 294 295 296 297 298 299 300 301 302 303 304 305 306 307 308 309 310 311 312 313 314 315 316 317 318 319 320 321 322 323 324 325 326 327 328 329 330 331 332 333
3 6 9 12 15 18 21 24 27 30 33 36 39 42 45 48 51 54 57 60 63 66 69 72 75 78 81 84 87 90 93 96 99 102 105 108 111 114 117 120 123 126 129 132 135 138 141 144 147 150 153 156 159 162 165 168 171 174 177 180 183 186 189 192 195 198 201 204 207 210 213 216 219 222 225 228 231 234 237 240 243 246 249 252 255 258 261 264 267 270 273 276 279 282 285 288 291 294 297 300 303 306 309 312 315 318 321 324 327 330 333 336 339 342 345 348 351 354 357 360 363 366 369 372 375 378 381 384 387 390 393 396 399 402 405 408 411 414 417 420 423 426 429 432 435 438 441 444 447 450 453 456 459 462 465 468 471 474 477 480 483 486 489 492 495 498 501 504 507 510 513 516 519 522 525 528 531 534 537 540 543 546 549 552 555 558 561 564 567 570 573 576 579 582 585 588 591 594 597 600 603 606 609 612 615 618 621 624 627 630 633 636 639 642 645 648 651 654 657 660 663 666 669 672 675 678 681 684 687 690 693 696 699 702 705 708 711 714 717 720 723 726 729 732 735 738 741 744 747 750 753 756 759 762 765 768 771 774 777 780 783 786 789 792 795 798 801 804 807 810 813 816 819 822 825 828 831 834 837 840 843 846 849 852 855 858 861 864 867 870 873 876 879 882 885 888 891 894 897 900 903 906 909 912 915 918 921 924 927 930 933 936 939 942 945 948 951 954 957 960 963 966 969 972 975 978 981 984 987 990 993 996 999
1000 200
1 2 3 4 5 6 7 8 9 10 11 12 13 14 15 16 17 18 19 20 21 22 23 24 25 26 27 28 29 30 31 32 33 34 35 36 37 38 39 40 41 42 43 44 45 46 47 48 49 50 51 52 53 54 55 56 57 58 59 60 61 62 63 64 65 66 67 68 69 70 71 72 73 74 75 76 77 78 79 80 81 82 83 84 85 86 87 88 89 90 91 92 93 94 95 96 97 98 99 100 101 102 103 104 105 106 107 108 109 110 111 112 113 114 115 116 117 118 119 120 121 122 123 124 125 126 127 128 129 130 131 132 133 134 135 136 137 138 139 140 141 142 143 144 145 146 147 148 149 150 151 152 153 154 155 156 157 158 159 160 161 162 163 164 165 166 167 168 169 170 171 172 173 174 175 176 177 178 179 180 181 182 183 184 185 186 187 188 189 190 191 192 193 194 195 196 197 198 199 200
402 405 408 411 414 417 420 423 426 429 432 435 438 441 444 447 450 453 456 459 462 465 468 471 474 477 480 483 486 489 492 495 498 501 504 507 510 513 516 519 522 525 528 531 534 537 540 543 546 549 552 555 558 561 564 567 570 573 576 579 582 585 588 591 594 597 600 603 606 609 612 615 618 621 624 627 630 633 636 639 642 645 648 651 654 657 660 663 666 669 672 675 678 681 684 687 690 693 696 699 702 705 708 711 714 717 720 723 726 729 732 735 738 741 744 747 750 753 756 759 762 765 768 771 774 777 780 783 786 789 792 795 798 801 804 807 810 813 816 819 822 825 828 831 834 837 840 843 846 849 852 855 858 861 864 867 870 873 876 879 882 885 888 891 894 897 900 903 906 909 912 915 918 921 924 927 930 933 936 939 942 945 948 951 954 957 960 963 966 969 972 975 978 981 984 987 990 993 996 999
1000 257
2 3 6 14 24 30 35 37 43 47 58 62 64 71 77 89 91 93 103 106 107 110 118 123 133 154 160 164 165 172 174 179 182 186 193 195 197 198 205 208 212 213 217 218 221 226 234 249 250 258 266 270 271 273 275 277 285 288 299 301 302 304 306 309 319 323 324 332 333 334 340 342 346 347 348 351 367 369 370 371 376 385 387 388 389 398 402 404 405 410 423 425 427 429 435 439 442 452 453 457 466 467 470 471 476 480 482 484 493 496 498 499 500 501 506 509 515 518 522 527 528 531 533 535 539 541 544 550 551 552 553 563 567 576 577 579 580 583 586 591 594 595 605 606 608 611 614 617 622 626 628 632 635 637 642 643 645 648 656 658 659 662 664 668 676 679 681 686 687 689 702 709 711 712 715 716 721 729 731 732 734 737 740 743 745 748 750 755 771 777 782 784 788 789 794 795 798 801 810 812 813 815 819 824 825 827 829 830 831 835 839 840 842 845 848 849 856 861 866 867 871 883 889 892 896 903 905 906 909 911 912 913 918 928 932 933 934 936 937 940 946 956 958 959 972 973 974 975 980 982 983 984 986 990 995 997 999
3 7 11 15 19 21 26 29 33 37 40 47 50 52 57 63 66 68 72 78 82 84 87 94 97 102 105 109 113 115 120 125 127 132 135 141 144 149 152 156 159 165 167 173 176 181 184 187 191 195 200 203 207 213 216 219 225 228 230 233 239 243 246 249 254 258 262 265 269 273 278 280 283 290 294 300 302 305 309 313 316 321 324 327 332 336 338 345 349 351 356 359 363 369 371 377 379 383 389 391 395 399 402 404 410 414 417 424 427 432 435 437 444 446 451 454 457 463 465 469 471 477 481 483 489 495 497 500 503 509 512 517 521 523 530 534 536 539 543 547 549 557 560 562 568 570 573 580 583 586 588 595 597 602 605 610 612 616 620 625 627 632 635 641 644 648 652 656 659 663 666 670 673 680 682 688 691 695 698 701 706 708 712 715 719 727 730 733 738 742 745 748 752 754 760 763 767 771 775 779 782 786 789 794 798 801 805 808 813 817 821 826 829 832 838 842 845 847 853 856 861 865 867 870 876 880 882 886 891 894 899 901 907 910 913 917 920 926 928 934 936 939 944 948 951 954 960 965 968 971 974 980 984 987 992 996 998
1000 302
2 3 5 6 7 11 15 26 29 30 31 32 33 34 35 41 42 46 47 48 52 61 64 65 67 70 74 75 79 81 86 88 90 92 96 98 100 101 102 103 109 110 111 118 124 126 130 133 137 139 140 141 142 143 148 151 152 153 158 160 164 165 169 170 173 177 179 183 186 187 192 196 198 199 205 208 209 210 211 213 215 220 224 227 229 231 234 237 242 243 245 248 257 264 268 270 271 273 276 279 281 283 287 288 293 300 304 306 307 315 316 318 320 321 322 323 324 329 331 333 335 337 340 346 352 356 370 373 374 375 377 379 382 384 400 401 403 422 429 431 432 438 439 440 443 449 452 466 468 475 476 477 488 495 498 499 501 502 504 505 511 513 525 527 528 529 530 535 536 537 539 546 550 551 552 554 556 559 560 561 564 567 572 575 585 588 596 599 606 608 609 614 617 619 621 624 625 628 629 630 633 635 636 638 639 641 644 646 648 652 657 658 661 664 667 668 671 674 677 678 687 688 689 692 698 708 721 730 735 736 744 745 753 757 760 761 767 770 772 779 781 791 793 794 795 796 797 803 805 811 814 815 819 820 822 823 826 827 833 835 836 837 844 847 850 851 855 858 860 862 863 871 877 887 892 907 908 922 923 925 928 931 933 938 943 947 953 954 959 961 964 966 971 973 974 975 976 982 983 984 996 997
3 5 9 13 16 19 22 25 29 32 35 38 42 46 48 51 55 57 62 65 69 72 75 79 82 84 87 92 96 98 101 106 109 111 114 117 121 126 128 131 134 137 141 144 148 151 155 157 160 165 167 171 174 178 180 184 186 189 193 197 200 203 207 210 213 217 221 223 226 230 232 237 239 243 246 249 253 256 260 262 267 271 273 276 280 282 286 289 293 296 299 302 306 309 313 315 320 322 325 328 331 336 340 342 346 349 351 356 359 361 364 370 373 375 379 382 384 389 391 395 399 402 405 407 411 415 417 421 425 427 431 435 437 442 445 448 451 455 458 460 465 468 470 475 479 481 485 487 490 495 497 500 504 507 510 515 518 520 523 527 530 536 538 541 545 547 550 554 557 560 565 567 571 573 576 580 583 587 591 593 597 600 604 607 611 614 616 620 623 626 632 634 638 641 643 647 651 654 656 660 663 666 668 674 676 680 682 688 691 694 696 699 702 705 708 713 718 721 724 727 729 734 737 740 743 745 750 753 756 760 763 766 768 772 776 778 782 786 789 791 796 798 801 806 809 812 816 819 822 825 829 833 836 839 842 845 851 853 857 859 862 865 868 871 876 878 882 886 890 892 895 898 902 905 908 912 915 919 922 925 928 931 936 938 943 945 950 953 956 958 962 966 969 972 975 979 982 985 988 991 994 999
