10 6
100 1
99
100
100 6
30 34 37 40 43 47
31 34 36 41 43 46
96 1
36
86
3 1
1
2
101 79
1 2 4 5 6 8 9 10 11 12 14 16 17 18 20 21 23 24 25 27 28 29 31 32 33 34 35 37 38 39 40 41 43 44 46 47 48 49 50 51 53 54 55 56 57 59 60 62 63 64 65 66 67 69 70 71 72 74 75 76 77 78 79 81 82 84 85 86 88 89 90 92 93 95 96 97 99 100 101
1 2 3 4 5 7 8 9 11 12 13 15 16 18 19 20 21 22 24 25 26 27 28 30 31 32 33 34 35 37 38 40 41 42 44 46 47 48 50 51 52 54 55 56 57 59 60 61 62 63 65 66 68 69 70 71 72 74 75 76 77 78 79 81 82 84 85 86 87 89 90 91 93 94 95 97 98 100 101
20 6
1 4 5 10 15 19
4 7 10 12 14 19
