8 6
200 50
151 152 153 154 155 156 157 158 159 160 161 162 163 164 165 166 167 168 169 170 171 172 173 174 175 176 177 178 179 180 181 182 183 184 185 186 187 188 189 190 191 192 193 194 195 196 197 198 199 200
4 7 10 13 16 19 22 25 28 31 34 37 40 43 46 49 52 55 58 61 64 67 70 73 76 79 82 85 88 91 94 97 100 103 106 109 112 115 118 121 124 127 130 133 136 139 142 145 148 151
2 2
1 2
1 2
73 35
1 2 4 5 11 12 19 22 24 27 28 31 32 34 36 38 39 41 43 49 50 52 53 55 56 59 61 62 64 66 68 69 70 72 73
1 2 4 6 7 11 14 15 17 18 21 24 28 30 33 34 38 40 41 43 46 47 49 54 56 58 60 62 63 64 66 68 71 72 73
11 3
1 3 4
4 6 8
100 4
2 4 10 11
1 5 10 11
100 6
30 34 37 40 43 47
31 34 36 41 43 46
