7 6
10 3
1 4 8
2 4 7
64 41
2 3 4 6 7 8 10 11 13 15 18 19 21 22 23 26 28 29 30 31 34 36 37 38 39 41 45 46 48 49 50 51 52 53 54 57 58 60 61 62 63
1 2 4 5 6 7 9 10 11 13 15 16 18 19 21 22 23 24 26 27 29 30 33 35 36 37 38 39 41 44 45 46 49 50 52 53 55 57 59 63 64
200 50
1 2 3 4 5 6 7 8 9 10 11 12 13 14 15 16 17 18 19 20 21 22 23 24 25 26 27 28 29 30 31 32 33 34 35 36 37 38 39 40 41 42 43 44 45 46 47 48 49 50
50 53 56 59 62 65 68 71 74 77 80 83 86 89 92 95 98 101 104 107 110 113 116 119 122 125 128 131 134 137 140 143 146 149 152 155 158 161 164 167 170 173 176 179 182 185 188 191 194 197
1 1
1
1
100 3
1 10 11
2 10 11
100 2
30 31
30 31
