17 10
1000 320
4 8 11 14 15 17 18 19 21 25 28 31 33 36 38 43 44 45 46 48 54 55 57 62 68 72 73 81 82 89 91 92 93 95 96 97 99 100 107 108 112 114 118 120 121 122 123 131 132 133 135 142 143 145 147 149 160 161 166 167 170 177 178 186 187 188 191 194 195 198 199 206 220 221 222 224 225 227 229 231 232 235 236 239 240 241 248 250 251 256 260 261 264 266 270 271 274 275 277 282 283 284 288 292 294 295 298 305 306 314 316 318 322 325 326 328 333 336 338 345 346 347 352 353 359 360 363 364 372 374 376 378 384 391 393 399 400 404 410 415 418 419 422 423 424 426 427 429 430 434 436 439 440 448 452 454 457 460 464 466 467 468 470 472 475 477 482 489 490 491 493 494 496 498 499 505 507 513 520 523 525 526 528 529 534 537 538 539 540 545 546 552 554 556 558 560 562 563 565 568 572 588 593 601 603 608 609 613 619 620 621 629 631 636 637 638 644 648 649 650 659 662 663 664 668 673 682 686 690 693 694 695 697 702 706 707 712 714 718 719 720 723 724 727 728 734 735 737 745 748 760 768 772 776 777 781 783 784 789 791 792 794 795 804 806 812 814 818 819 830 832 834 836 839 843 846 849 851 854 858 860 864 865 868 871 873 875 876 877 878 882 883 885 890 902 903 905 906 913 914 916 917 925 928 932 933 937 940 942 947 948 955 957 958 961 980 984 989 991 997
2 6 8 12 15 17 21 25 27 30 34 37 39 43 46 50 52 56 58 61 65 68 71 73 77 81 83 87 89 93 96 99 102 106 110 112 115 117 122 125 127 130 134 136 140 142 145 148 151 155 159 162 164 168 171 174 177 179 182 188 190 193 195 198 202 206 208 211 214 218 221 224 228 231 234 236 239 243 245 248 252 255 258 260 265 267 271 274 277 279 284 286 290 293 297 299 301 305 309 311 313 318 321 323 327 331 333 337 339 342 346 349 352 354 358 362 365 368 371 374 377 382 384 386 390 393 395 399 401 405 408 412 415 417 421 425 427 429 433 437 439 443 446 449 452 455 458 461 464 467 471 473 478 480 482 485 489 493 495 498 503 506 508 511 515 518 520 523 527 531 533 537 540 543 546 548 553 555 558 562 565 567 570 574 577 581 583 586 589 592 595 599 602 606 608 611 615 617 621 623 627 630 634 636 639 642 645 651 653 655 658 662 664 667 671 673 678 680 683 686 689 693 696 698 702 706 708 712 714 717 720 723 726 730 733 737 740 743 745 749 752 757 759 762 764 767 771 774 777 780 783 787 790 792 796 799 802 806 808 811 814 818 821 823 828 830 833 836 839 843 845 849 852 855 859 861 864 868 870 874 878 880 883 885 889 891 894 898 903 906 908 912 914 917 921 924 927 930 934 936 939 943 946 948 952 956 958 962 964 968 970 974 977 980 982 986 990 993 995 998
1000 299
4 6 15 18 28 34 35 36 37 39 40 46 49 57 67 68 75 78 79 98 104 107 112 114 116 122 123 126 131 134 136 143 144 146 147 160 164 170 171 174 176 178 182 187 194 198 202 203 206 209 210 212 215 218 219 220 222 224 226 233 242 244 245 246 249 251 254 257 259 261 266 272 276 278 286 299 301 303 305 309 318 319 320 322 325 328 332 338 350 351 352 358 364 366 372 374 381 382 383 385 387 392 396 402 404 406 416 430 431 432 439 444 446 447 450 454 456 460 462 465 471 472 475 479 480 483 484 488 489 490 494 498 502 503 510 511 514 521 522 523 525 526 532 533 535 538 541 543 544 546 549 554 559 563 566 567 569 573 574 579 580 581 582 587 589 590 597 598 599 602 603 607 609 612 614 615 618 620 622 624 638 642 645 647 650 651 657 659 660 661 663 664 668 669 677 678 679 680 682 683 686 693 698 700 704 707 708 709 713 714 717 720 722 724 728 729 732 734 735 740 750 753 754 756 759 764 767 769 772 773 774 775 776 777 781 783 784 790 800 803 817 821 833 835 836 837 839 843 844 846 851 852 854 859 860 861 862 867 869 870 872 874 886 901 902 907 912 917 921 923 926 929 930 932 936 942 944 946 950 952 956 958 959 963 966 969 970 975 981 982 984 987 988 989 990 993 998 999 1000
2 5 10 13 15 18 23 27 29 33 36 40 42 47 51 53 56 60 63 66 70 73 76 78 83 86 89 94 97 100 104 107 110 113 118 120 125 127 131 133 138 140 143 147 151 153 158 160 164 167 170 173 177 180 185 187 191 193 197 201 204 207 210 213 218 221 223 227 230 234 237 241 244 248 250 254 258 262 264 268 270 274 279 281 284 288 291 294 298 301 305 307 311 315 317 322 324 327 334 336 338 342 344 347 351 354 359 361 365 369 371 374 378 381 384 388 391 395 399 401 405 408 411 414 418 423 426 428 432 435 439 443 445 448 451 454 460 462 465 468 472 475 478 482 484 488 493 495 499 502 504 509 511 516 519 523 526 530 533 535 538 542 546 548 551 555 559 564 566 569 572 576 579 582 586 588 593 595 597 603 605 610 613 615 620 622 624 629 632 635 640 642 647 649 653 655 659 663 666 670 673 677 679 683 685 689 692 695 698 703 706 709 713 715 720 722 725 728 732 735 738 743 746 749 753 756 758 763 766 768 772 776 779 781 786 788 794 796 800 803 805 810 813 816 818 823 825 828 831 836 839 842 846 849 853 857 859 862 865 868 872 876 879 882 887 889 893 895 899 903 905 909 913 916 920 923 925 930 933 936 939 941 946 948 952 956 959 963 966 969 972 975 979 983 986 988 991 994 998
200 50
151 152 153 154 155 156 157 158 159 160 161 162 163 164 165 166 167 168 169 170 171 172 173 174 175 176 177 178 179 180 181 182 183 184 185 186 187 188 189 190 191 192 193 194 195 196 197 198 199 200
4 7 10 13 16 19 22 25 28 31 34 37 40 43 46 49 52 55 58 61 64 67 70 73 76 79 82 85 88 91 94 97 100 103 106 109 112 115 118 121 124 127 130 133 136 139 142 145 148 151
1000 500
1 2 3 4 5 6 7 8 9 10 11 12 13 14 15 16 17 18 19 20 21 22 23 24 25 26 27 28 29 30 31 32 33 34 35 36 37 38 39 40 41 42 43 44 45 46 47 48 49 50 51 52 53 54 55 56 57 58 59 60 61 62 63 64 65 66 67 68 69 70 71 72 73 74 75 76 77 78 79 80 81 82 83 84 85 86 87 88 89 90 91 92 93 94 95 96 97 98 99 100 101 102 103 104 105 106 107 108 109 110 111 112 113 114 115 116 117 118 119 120 121 122 123 124 125 126 127 128 129 130 131 132 133 134 135 136 137 138 139 140 141 142 143 144 145 146 147 148 149 150 151 152 153 154 155 156 157 158 159 160 161 162 163 164 165 166 167 168 169 170 171 172 173 174 175 176 177 178 179 180 181 182 183 184 185 186 187 188 189 190 191 192 193 194 195 196 197 198 199 200 201 202 203 204 205 206 207 208 209 210 211 212 213 214 215 216 217 218 219 220 221 222 223 224 225 226 227 228 229 230 231 232 233 234 235 236 237 238 239 240 241 242 243 244 245 246 247 248 249 250 251 252 253 254 255 256 257 258 259 260 261 262 263 264 265 266 267 268 269 270 271 272 273 274 275 276 277 278 279 280 281 282 283 284 285 286 287 288 289 290 291 292 293 294 295 296 297 298 299 300 301 302 303 304 305 306 307 308 309 310 311 312 313 314 315 316 317 318 319 320 321 322 323 324 325 326 327 328 329 330 331 332 333 334 335 336 337 338 339 340 341 342 343 344 345 346 347 348 349 350 351 352 353 354 355 356 357 358 359 360 361 362 363 364 365 366 367 368 369 370 371 372 373 374 375 376 377 378 379 380 381 382 383 384 385 386 387 388 389 390 391 392 393 394 395 396 397 398 399 400 401 402 403 404 405 406 407 408 409 410 411 412 413 414 415 416 417 418 419 420 421 422 423 424 425 426 427 428 429 430 431 432 433 434 435 436 437 438 439 440 441 442 443 444 445 446 447 448 449 450 451 452 453 454 455 456 457 458 459 460 461 462 463 464 465 466 467 468 469 470 471 472 473 474 475 476 477 478 479 480 481 482 483 484 485 486 487 488 489 490 491 492 493 494 495 496 497 498 499 500
1 3 5 7 9 11 13 15 17 19 21 23 25 27 29 31 33 35 37 39 41 43 45 47 49 51 53 55 57 59 61 63 65 67 69 71 73 75 77 79 81 83 85 87 89 91 93 95 97 99 101 103 105 107 109 111 113 115 117 119 121 123 125 127 129 131 133 135 137 139 141 143 145 147 149 151 153 155 157 159 161 163 165 167 169 171 173 175 177 179 181 183 185 187 189 191 193 195 197 199 201 203 205 207 209 211 213 215 217 219 221 223 225 227 229 231 233 235 237 239 241 243 245 247 249 251 253 255 257 259 261 263 265 267 269 271 273 275 277 279 281 283 285 287 289 291 293 295 297 299 301 303 305 307 309 311 313 315 317 319 321 323 325 327 329 331 333 335 337 339 341 343 345 347 349 351 353 355 357 359 361 363 365 367 369 371 373 375 377 379 381 383 385 387 389 391 393 395 397 399 401 403 405 407 409 411 413 415 417 419 421 423 425 427 429 431 433 435 437 439 441 443 445 447 449 451 453 455 457 459 461 463 465 467 469 471 473 475 477 479 481 483 485 487 489 491 493 495 497 499 501 503 505 507 509 511 513 515 517 519 521 523 525 527 529 531 533 535 537 539 541 543 545 547 549 551 553 555 557 559 561 563 565 567 569 571 573 575 577 579 581 583 585 587 589 591 593 595 597 599 601 603 605 607 609 611 613 615 617 619 621 623 625 627 629 631 633 635 637 639 641 643 645 647 649 651 653 655 657 659 661 663 665 667 669 671 673 675 677 679 681 683 685 687 689 691 693 695 697 699 701 703 705 707 709 711 713 715 717 719 721 723 725 727 729 731 733 735 737 739 741 743 745 747 749 751 753 755 757 759 761 763 765 767 769 771 773 775 777 779 781 783 785 787 789 791 793 795 797 799 801 803 805 807 809 811 813 815 817 819 821 823 825 827 829 831 833 835 837 839 841 843 845 847 849 851 853 855 857 859 861 863 865 867 869 871 873 875 877 879 881 883 885 887 889 891 893 895 897 899 901 903 905 907 909 911 913 915 917 919 921 923 925 927 929 931 933 935 937 939 941 943 945 947 949 951 953 955 957 959 961 963 965 967 969 971 973 975 977 979 981 983 985 987 989 991 993 995 997 999
1000 400
1 2 3 4 5 6 7 8 9 10 11 12 13 14 15 16 17 18 19 20 21 22 23 24 25 26 27 28 29 30 31 32 33 34 35 36 37 38 39 40 41 42 43 44 45 46 47 48 49 50 51 52 53 54 55 56 57 58 59 60 61 62 63 64 65 66 67 68 69 70 71 72 73 74 75 76 77 78 79 80 81 82 83 84 85 86 87 88 89 90 91 92 93 94 95 96 97 98 99 100 101 102 103 104 105 106 107 108 109 110 111 112 113 114 115 116 117 118 119 120 121 122 123 124 125 126 127 128 129 130 131 132 133 134 135 136 137 138 139 140 141 142 143 144 145 146 147 148 149 150 151 152 153 154 155 156 157 158 159 160 161 162 163 164 165 166 167 168 169 170 171 172 173 174 175 176 177 178 179 180 181 182 183 184 185 186 187 188 189 190 191 192 193 194 195 196 197 198 199 200 201 202 203 204 205 206 207 208 209 210 211 212 213 214 215 216 217 218 219 220 221 222 223 224 225 226 227 228 229 230 231 232 233 234 235 236 237 238 239 240 241 242 243 244 245 246 247 248 249 250 251 252 253 254 255 256 257 258 259 260 261 262 263 264 265 266 267 268 269 270 271 272 273 274 275 276 277 278 279 280 281 282 283 284 285 286 287 288 289 290 291 292 293 294 295 296 297 298 299 300 301 302 303 304 305 306 307 308 309 310 311 312 313 314 315 316 317 318 319 320 321 322 323 324 325 326 327 328 329 330 331 332 333 334 335 336 337 338 339 340 341 342 343 344 345 346 347 348 349 350 351 352 353 354 355 356 357 358 359 360 361 362 363 364 365 366 367 368 369 370 371 372 373 374 375 376 377 378 379 380 381 382 383 384 385 386 387 388 389 390 391 392 393 394 395 396 397 398 399 400
202 204 206 208 210 212 214 216 218 220 222 224 226 228 230 232 234 236 238 240 242 244 246 248 250 252 254 256 258 260 262 264 266 268 270 272 274 276 278 280 282 284 286 288 290 292 294 296 298 300 302 304 306 308 310 312 314 316 318 320 322 324 326 328 330 332 334 336 338 340 342 344 346 348 350 352 354 356 358 360 362 364 366 368 370 372 374 376 378 380 382 384 386 388 390 392 394 396 398 400 402 404 406 408 410 412 414 416 418 420 422 424 426 428 430 432 434 436 438 440 442 444 446 448 450 452 454 456 458 460 462 464 466 468 470 472 474 476 478 480 482 484 486 488 490 492 494 496 498 500 502 504 506 508 510 512 514 516 518 520 522 524 526 528 530 532 534 536 538 540 542 544 546 548 550 552 554 556 558 560 562 564 566 568 570 572 574 576 578 580 582 584 586 588 590 592 594 596 598 600 602 604 606 608 610 612 614 616 618 620 622 624 626 628 630 632 634 636 638 640 642 644 646 648 650 652 654 656 658 660 662 664 666 668 670 672 674 676 678 680 682 684 686 688 690 692 694 696 698 700 702 704 706 708 710 712 714 716 718 720 722 724 726 728 730 732 734 736 738 740 742 744 746 748 750 752 754 756 758 760 762 764 766 768 770 772 774 776 778 780 782 784 786 788 790 792 794 796 798 800 802 804 806 808 810 812 814 816 818 820 822 824 826 828 830 832 834 836 838 840 842 844 846 848 850 852 854 856 858 860 862 864 866 868 870 872 874 876 878 880 882 884 886 888 890 892 894 896 898 900 902 904 906 908 910 912 914 916 918 920 922 924 926 928 930 932 934 936 938 940 942 944 946 948 950 952 954 956 958 960 962 964 966 968 970 972 974 976 978 980 982 984 986 988 990 992 994 996 998 1000
1000 250
1 2 3 4 5 6 7 8 9 10 11 12 13 14 15 16 17 18 19 20 21 22 23 24 25 26 27 28 29 30 31 32 33 34 35 36 37 38 39 40 41 42 43 44 45 46 47 48 49 50 51 52 53 54 55 56 57 58 59 60 61 62 63 64 65 66 67 68 69 70 71 72 73 74 75 76 77 78 79 80 81 82 83 84 85 86 87 88 89 90 91 92 93 94 95 96 97 98 99 100 101 102 103 104 105 106 107 108 109 110 111 112 113 114 115 116 117 118 119 120 121 122 123 124 125 126 127 128 129 130 131 132 133 134 135 136 137 138 139 140 141 142 143 144 145 146 147 148 149 150 151 152 153 154 155 156 157 158 159 160 161 162 163 164 165 166 167 168 169 170 171 172 173 174 175 176 177 178 179 180 181 182 183 184 185 186 187 188 189 190 191 192 193 194 195 196 197 198 199 200 201 202 203 204 205 206 207 208 209 210 211 212 213 214 215 216 217 218 219 220 221 222 223 224 225 226 227 228 229 230 231 232 233 234 235 236 237 238 239 240 241 242 243 244 245 246 247 248 249 250
250 254 256 259 262 265 268 271 274 277 280 283 286 289 292 295 298 301 304 307 310 313 316 319 322 325 328 331 334 337 340 343 346 348 352 355 358 361 364 367 370 373 377 379 382 385 388 391 394 397 400 403 406 409 412 415 418 421 424 427 430 433 436 439 442 445 448 451 454 457 460 463 466 469 472 475 478 481 483 487 490 493 496 499 502 505 509 511 514 517 520 523 526 528 532 535 538 541 544 547 550 553 555 559 562 565 568 571 574 577 580 583 587 589 591 595 598 601 604 607 610 613 616 619 622 625 628 631 634 637 640 643 646 649 652 655 658 661 663 667 670 673 676 679 682 685 688 691 694 697 700 703 706 709 712 716 718 721 724 727 730 733 736 739 742 745 748 751 754 757 760 763 766 769 772 775 778 781 784 787 790 793 796 799 802 805 808 811 814 817 820 823 826 829 832 835 838 841 844 847 850 853 856 860 862 865 868 871 874 877 880 883 886 889 892 896 899 901 904 907 911 913 916 918 922 925 928 931 934 937 940 943 946 948 951 955 958 961 964 967 970 973 976 979 982 986 988 991 994 997
167 141
1 2 4 5 6 7 8 9 11 12 13 14 15 16 17 19 20 21 22 24 25 26 27 29 30 31 32 33 34 35 36 38 39 40 41 43 44 45 46 47 48 49 51 52 53 55 56 57 58 59 60 62 63 64 65 67 69 70 71 72 73 74 76 77 78 79 80 81 82 83 84 86 87 88 89 90 91 92 94 95 96 97 98 99 100 101 102 104 105 107 109 110 111 112 113 114 115 116 117 119 120 121 122 123 124 126 127 128 129 130 131 133 134 135 136 137 138 139 141 142 143 144 145 146 147 149 150 151 152 153 154 155 156 158 159 160 161 163 165 166 167
1 2 3 4 5 6 7 9 10 12 13 14 15 16 18 19 20 21 22 24 25 26 27 28 29 30 31 33 34 35 37 38 39 40 42 43 44 45 47 48 49 50 51 52 53 54 55 57 58 59 61 62 63 64 66 67 68 69 70 72 73 75 76 77 78 79 80 81 82 84 85 86 87 88 89 90 92 93 94 95 96 97 99 100 101 102 103 105 106 107 108 109 111 112 113 114 115 116 117 118 120 121 122 123 124 125 126 128 129 130 131 132 133 134 136 137 138 139 140 141 143 144 145 147 148 149 151 152 153 155 156 157 158 159 161 162 163 164 165 166 167
1000 326
2 6 7 11 12 13 15 16 19 23 24 25 26 27 29 31 32 34 38 40 44 48 52 53 55 57 62 64 70 72 74 76 78 79 80 89 90 92 93 96 101 102 103 105 109 117 119 120 129 130 132 140 142 152 153 162 163 164 165 166 167 170 171 174 183 192 193 194 201 203 210 212 223 227 229 231 232 246 253 256 263 267 272 279 282 283 284 289 293 294 295 297 300 304 305 306 307 311 312 314 318 319 320 321 327 346 350 355 356 361 368 369 370 377 379 380 387 389 390 393 394 395 399 403 407 419 422 425 435 438 444 453 457 458 459 460 464 466 470 471 474 476 486 488 493 495 503 511 513 526 528 533 535 539 540 542 545 553 555 556 557 558 563 565 566 568 572 574 577 580 582 588 589 592 595 600 603 604 607 610 611 612 614 618 619 620 621 622 623 625 627 630 631 634 637 638 642 644 645 651 654 655 656 658 660 664 671 672 673 674 677 680 682 683 687 688 690 691 695 703 704 705 707 710 712 714 715 716 718 720 721 726 727 728 730 731 740 742 743 745 747 753 758 765 767 768 769 773 778 779 785 790 793 795 800 802 805 806 809 810 812 823 824 825 828 830 831 835 841 843 854 856 863 864 865 868 869 871 874 878 880 882 887 888 891 893 894 896 899 903 904 905 906 907 915 923 928 933 934 935 937 938 940 942 945 952 953 954 955 957 961 964 967 968 969 971 976 978 983 986 989 995 996 997 998 1000
2 5 8 11 15 17 21 24 27 30 32 37 40 43 45 48 51 55 57 60 63 67 69 72 75 79 81 85 88 92 94 97 101 103 106 110 112 116 118 121 125 128 131 134 137 140 143 146 149 152 157 159 162 165 169 171 175 177 181 183 186 189 193 195 198 202 205 208 212 215 218 220 223 227 229 233 236 238 242 245 247 250 254 256 260 263 266 268 271 274 279 282 284 288 290 294 297 299 303 305 309 312 315 319 321 325 327 330 334 336 339 343 346 350 352 355 358 361 364 367 370 374 377 380 383 386 388 392 394 398 400 405 408 410 414 416 419 422 426 429 431 435 437 441 444 448 451 454 456 459 463 465 468 471 474 478 481 484 487 490 493 496 499 503 505 508 512 514 518 521 523 526 529 532 536 539 542 545 548 551 554 557 561 564 566 570 572 576 580 582 585 588 591 594 598 601 603 606 609 613 616 619 621 625 628 631 634 637 640 643 647 649 653 656 659 662 665 668 670 673 676 681 684 687 690 692 696 699 701 704 707 711 714 716 719 723 726 729 733 736 739 742 744 748 750 754 756 760 763 766 769 772 774 778 781 784 787 790 793 796 800 802 806 809 811 815 818 821 824 826 829 832 835 840 843 845 849 851 855 858 860 863 866 870 874 877 879 883 886 888 892 895 897 900 904 906 909 913 916 920 922 925 928 932 934 937 940 943 947 950 953 956 958 962 965 969 971 975 978 981 984 987 990 992 996 998
1000 250
1 2 3 4 5 6 7 8 9 10 11 12 13 14 15 16 17 18 19 20 21 22 23 24 25 26 27 28 29 30 31 32 33 34 35 36 37 38 39 40 41 42 43 44 45 46 47 48 49 50 51 52 53 54 55 56 57 58 59 60 61 62 63 64 65 66 67 68 69 70 71 72 73 74 75 76 77 78 79 80 81 82 83 84 85 86 87 88 89 90 91 92 93 94 95 96 97 98 99 100 101 102 103 104 105 106 107 108 109 110 111 112 113 114 115 116 117 118 119 120 121 122 123 124 125 126 127 128 129 130 131 132 133 134 135 136 137 138 139 140 141 142 143 144 145 146 147 148 149 150 151 152 153 154 155 156 157 158 159 160 161 162 163 164 165 166 167 168 169 170 171 172 173 174 175 176 177 178 179 180 181 182 183 184 185 186 187 188 189 190 191 192 193 194 195 196 197 198 199 200 201 202 203 204 205 206 207 208 209 210 211 212 213 214 215 216 217 218 219 220 221 222 223 224 225 226 227 228 229 230 231 232 233 234 235 236 237 238 239 240 241 242 243 244 245 246 247 248 249 250
250 253 256 259 262 265 268 271 274 277 280 283 286 289 292 295 298 301 304 307 310 313 316 319 322 325 328 331 334 337 340 343 346 349 352 355 358 361 364 367 370 373 376 379 382 385 388 391 394 397 400 403 406 409 412 415 418 421 424 427 430 433 436 439 442 445 448 451 454 457 460 463 466 469 472 475 478 481 484 487 490 493 496 499 502 505 508 511 514 517 520 523 526 529 532 535 538 541 544 547 550 553 556 559 562 565 568 571 574 577 580 583 586 589 592 595 598 601 604 607 610 613 616 619 622 625 628 631 634 637 640 643 646 649 652 655 658 661 664 667 670 673 676 679 682 685 688 691 694 697 700 703 706 709 712 715 718 721 724 727 730 733 736 739 742 745 748 751 754 757 760 763 766 769 772 775 778 781 784 787 790 793 796 799 802 805 808 811 814 817 820 823 826 829 832 835 838 841 844 847 850 853 856 859 862 865 868 871 874 877 880 883 886 889 892 895 898 901 904 907 910 913 916 919 922 925 928 931 934 937 940 943 946 949 952 955 958 961 964 967 970 973 976 979 982 985 988 991 994 997
1000 333
1 3 5 7 9 11 13 15 17 19 21 23 25 27 29 31 33 35 37 39 41 43 45 47 49 51 53 55 57 59 61 63 65 67 69 71 73 75 77 79 81 83 85 87 89 91 93 95 97 99 101 103 105 107 109 111 113 115 117 119 121 123 125 127 129 131 133 135 137 139 141 143 145 147 149 151 153 155 157 159 161 163 165 167 169 171 173 175 177 179 181 183 185 187 189 191 193 195 197 199 201 203 205 207 209 211 213 215 217 219 221 223 225 227 229 231 233 235 237 239 241 243 245 247 249 251 253 255 257 259 261 263 265 267 269 271 273 275 277 279 281 283 285 287 289 291 293 295 297 299 301 303 305 307 309 311 313 315 317 319 321 323 325 327 329 331 333 335 337 339 341 343 345 347 349 351 353 355 357 359 361 363 365 367 369 371 373 375 377 379 381 383 385 387 389 391 393 395 397 399 401 403 405 407 409 411 413 415 417 419 421 423 425 427 429 431 433 435 437 439 441 443 445 447 449 451 453 455 457 459 461 463 465 467 469 471 473 475 477 479 481 483 485 487 489 491 493 495 497 499 501 503 505 507 509 511 513 515 517 519 521 523 525 527 529 531 533 535 537 539 541 543 545 547 549 551 553 555 557 559 561 563 565 567 569 571 573 575 577 579 581 583 585 587 589 591 593 595 597 599 601 603 605 607 609 611 613 615 617 619 621 623 625 627 629 631 633 635 637 639 641 643 645 647 649 651 653 655 657 659 661 663 665
3 6 9 12 15 18 21 24 27 30 33 36 39 42 45 48 51 54 57 60 63 66 69 72 75 78 81 84 87 90 93 96 99 102 105 108 111 114 117 120 123 126 129 132 135 138 141 144 147 150 153 156 159 162 165 168 171 174 177 180 183 186 189 192 195 198 201 204 207 210 213 216 219 222 225 228 231 234 237 240 243 246 249 252 255 258 261 264 267 270 273 276 279 282 285 288 291 294 297 300 303 306 309 312 315 318 321 324 327 330 333 336 339 342 345 348 351 354 357 360 363 366 369 372 375 378 381 384 387 390 393 396 399 402 405 408 411 414 417 420 423 426 429 432 435 438 441 444 447 450 453 456 459 462 465 468 471 474 477 480 483 486 489 492 495 498 501 504 507 510 513 516 519 522 525 528 531 534 537 540 543 546 549 552 555 558 561 564 567 570 573 576 579 582 585 588 591 594 597 600 603 606 609 612 615 618 621 624 627 630 633 636 639 642 645 648 651 654 657 660 663 666 669 672 675 678 681 684 687 690 693 696 699 702 705 708 711 714 717 720 723 726 729 732 735 738 741 744 747 750 753 756 759 762 765 768 771 774 777 780 783 786 789 792 795 798 801 804 807 810 813 816 819 822 825 828 831 834 837 840 843 846 849 852 855 858 861 864 867 870 873 876 879 882 885 888 891 894 897 900 903 906 909 912 915 918 921 924 927 930 933 936 939 942 945 948 951 954 957 960 963 966 969 972 975 978 981 984 987 990 993 996 999
