240 390
1 1 2 2 3 3 4 4 5 5 6 6 7 7 8 8 9 9 10 10 11 11 12 12 13 13 14 14 15 15 16 16 17 17 18 18 19 19 20 20 21 21 22 22 23 23 24 24 25 25 26 26 27 27 28 28 29 29 30 30 31 31 32 32 33 33 34 34 35 35 36 36 37 37 38 38 39 39 40 27 61 59 12 38 36 32 66 8 28 38 81 28 2 59 62 9 72 9 54 96 4 57 94 57 89 1 51 91 81 48 89 51 19 44 35 112 29 1 68 53 34 87 76 4 52 80 20 61 30 19 75 130 10 131 114 65 75 106 120 41 110 85 85 48 28 19 102 7 84 34 120 28 39 5 142 138 62 106 150 89 27 24 96 152 16 48 68 64 60 7 86 95 47 71 28 50 171 86 32 20 154 169 31 151 103 99 113 31 19 4 164 117 155 175 96 140 104 100 56 120 160 145 157 127 190 54 102 18 186 187 104 34 165 32 120 7 1 139 30 149 183 65 27 47 70 67 81 226 185 194 10 215 48 46 124 171 100 138 49
88 76
106 89
210 110
82 126
162 140
94 206
169 117
24 195
228 79
84 63
54 74
167 172
57 59
103 112
175 128
174 164
220 164
141 126
26 194
135 88
191 176
208 215
11 79
73 150
8 36
162 160
32 211
164 79
43 204
170 111
229 239
22 45
81 144
95 24
112 162
89 186
125 25
13 221
142 114
107 51
102 21
187 207
102 160
15 93
64 7
198 94
135 156
232 179
134 65
165 60
77 89
46 32
59 134
46 38
98 40
116 119
226 21
134 52
152 24
6 209
36 150
103 56
132 227
203 3
21 107
78 174
124 126
140 113
154 187
23 44
153 179
64 146
32 167
52 147
226 165
216 14
140 97
108 142
151 93
121 114
93 174
140 111
11 123
176 144
112 23
38 232
173 230
183 151
97 206
170 224
128 130
31 44
97 160
230 86
196 226
44 142
218 232
138 164
4 80
233 106
113 84
189 34
164 45
141 128
233 189
192 35
228 51
204 92
142 140
152 56
237 120
189 59
137 228
171 207
173 224
230 70
198 102
138 72
218 22
67 33
199 123
126 223
138 110
133 45
59 168
168 21
142 176
214 200
171 60
227 239
199 108
79 153
59 9
203 128
31 132
63 90
47 170
120 83
175 121
37 182
124 86
104 6
70 179
120 6
161 162
217 153
151 179
81 146
37 79
91 106
190 48
213 61
173 105
200 170
169 205
163 177
80 69
48 201
30 181
161 21
4 90
201 137
47 221
92 4
202 14
57 163
217 216
34 35
78 112
55 195
164 172
33 31
140 143
72 82
119 59
97 61
91 88
183 155
35 57
149 153
229 199
46 226
196 175
32 100
50 217
37 112
57 150
135 125
31 79
124 152
238 118
127 77
123 188
6 75
163 170
228 7
126 122
197 192
207 29
107 197
196 112
141 68
207 233
179 176
108 235
76 2
73 57
55 162
44 49
70 82
23 164
50 15
19 44
193 199
198 104
224 43
73 145
221 202
56 181
33 41
124 14
171 1
130 105
183 30
102 43
172 119
59 143
143 36
76 113
149 129
109 122
213 96
2 177
15 114
158 123
22 14
61 154
11 32
229 32
10 209
121 35
217 226
45 152
154 45
13 26
60 203
115 76
78 225
45 58
118 214
32 52
53 8
170 158
200 175
121 21
222 172
45 217
17 44
81 174
220 10
14 72
29 178
127 110
229 129
17 136
220 12
212 94
93 41
237 70
13 41
156 212
64 151
123 91
41 67
223 190
184 109
219 173
128 30
155 198
105 3
209 35
194 114
4 210
184 154
16 159
49 240
35 126
217 226
59 66
89 103
172 204
105 166
165 13
50 15
109 179
34 14
238 217
85 44
142 158
77 24
119 181
111 230
231 16
236 237
84 190
229 191
164 218
175 7
152 238
127 151
131 208
238 110
76 167
32 22
233 11
147 59
179 156
42 97
2 153
237 23
113 1
86 206
178 54
137 70
141 165
170 103
82 176
39 221
144 22
211 195
56 11
104 62
227 67
142 26
119 95
224 227
145 74
31 194
37 145
199 97
176 42
239 163
76 34
101 178
52 39
132 68
142 141
138 78
110 136
240 81
11 215
113 176
21 126
165 154
167 30
183 170
50 203
80 163
192 129
42 174
239 229
3 229
123 190
143 11
144 71
218 147
202 33
74 32
141 230
91 76
15 218
140 34
171 60
30 198
126 137
218 143
116 127
226 4
64 141
29 169
88 160
13 78
181 80
108 48
168 64
222 178
142 173
86 77
139 20
4 164
