185 300
1 2 3 4 5 6 7 8 9 10 11 12 13 14 15 16 17 18 19 20 21 22 23 24 25 26 27 28 29 30 31 32 33 34 35 36 37 38 39 40 41 42 43 44 45 46 47 48 49 50 51 52 53 54 55 56 57 58 59 60 61 62 63 64 65 66 67 68 69 70 71 72 73 74 75 76 77 78 79 80 81 82 83 84 85 86 87 88 89 90 91 83 23 58 57 93 68 63 22 60 88 70 62 14 91 28 29 53 49 62 66 31 28 104 115 46 98 4 54 117 24 3 71 80 118 28 36 119 18 13 5 93 39 131 112 121 78 49 67 110 102 78 12 94 85 46 50 89 104 121 73 72 30 136 35 46 150 155 64 69 103 44 160 150 86 31 120 108 133 93 105 34 3 2 165 117 86 56 93 25 114 94 42 18
101 78
22 59
121 51
16 90
48 86
98 61
30 92
143 171
108 124
47 157
152 99
152 173
17 31
58 177
107 166
76 166
167 134
55 162
47 85
44 145
178 107
2 50
148 29
140 163
172 114
140 77
133 24
56 3
98 111
121 73
124 8
2 160
3 91
88 177
48 76
1 39
19 120
98 138
143 87
26 177
120 64
141 132
54 56
122 166
166 84
121 128
71 175
151 58
72 143
115 153
126 10
182 142
141 139
15 164
52 178
45 98
50 121
30 3
94 9
149 148
112 11
39 119
13 135
76 167
62 67
147 129
57 183
40 50
98 85
48 73
21 133
126 34
63 131
9 22
143 126
41 161
29 10
129 120
61 100
142 78
94 149
100 98
53 24
12 26
56 66
31 44
12 68
178 90
65 112
159 170
49 113
97 47
157 23
40 113
155 1
135 90
45 52
131 140
43 125
50 150
183 59
73 55
7 120
40 62
136 42
124 144
140 49
166 43
12 68
138 159
45 161
140 156
140 168
72 62
84 140
40 5
37 177
151 159
121 144
20 180
140 105
123 139
96 33
36 94
72 22
97 154
62 98
101 114
139 77
180 36
141 33
33 73
119 44
100 28
144 58
89 48
163 51
83 144
102 82
31 159
4 114
74 179
165 70
52 85
80 34
35 173
159 179
144 2
163 107
76 20
61 49
164 150
114 104
78 145
59 33
124 51
135 54
36 56
67 160
154 78
128 174
159 75
111 109
102 25
65 174
153 95
185 166
20 72
44 61
167 69
63 97
114 17
25 181
69 169
155 138
80 15
87 7
97 5
80 133
140 119
153 111
38 29
13 117
66 69
99 13
6 177
36 166
109 135
146 121
15 117
57 95
125 65
151 36
180 69
177 89
114 78
97 132
28 33
167 100
171 26
48 142
122 17
19 68
163 60
138 79
137 180
45 12
126 143
67 131
96 5
76 68
123 155
137 167
107 150
7 103
131 19
70 9
94 77
87 3
161 103
90 144
181 10
124 151
178 110
139 64
175 128
89 71
81 175
48 149
106 132
174 184
21 72
41 103
30 117
179 173
38 162
76 54
74 73
80 148
14 57
17 177
177 80
103 171
112 38
141 33
7 68
111 108
89 156
167 42
32 53
116 138
105 104
140 93
151 84
71 83
96 169
42 28
59 155
147 109
169 158
139 56
131 50
88 66
10 75
170 66
98 140
44 184
76 17
10 46
137 14
34 173
81 50
54 157
168 97
68 48
85 81
81 23
25 118
94 15
20 133
75 20
81 118
130 14
102 180
155 107
30 147
162 59
59 159
85 30
142 108
55 106
132 142
135 48
173 159
152 140
97 62
115 69
124 150
170 72
49 16
