100
56754
63903
88909
46847
49734
3560
12971
89639
59231
75828
43828
91519
27609
3991
94296
76632
90309
82721
19717
52713
8027
59039
61766
98325
6706
55787
50030
59006
84965
6348
19265
72773
29441
23749
6109
18680
70173
24435
5074
84561
34101
99401
60231
98117
56945
30154
76039
89616
53726
89401
92320
12956
21892
36097
88991
9360
33610
14117
91287
41362
56506
92326
20287
94221
25494
40919
53348
1113
77274
44224
65241
72979
10446
48743
61956
52602
22096
89047
53754
44630
8474
17133
34803
95836
36965
61761
9895
17458
65471
74676
22423
27626
17554
73417
42187
46108
64927
72802
20361
60391
